time, x, y
0.0, -0.013680189101507536, -0.021353074898327436
0.01, -0.03239788002348917, -0.04289186093977136
0.02, -0.040692179109509584, -0.022438076685846645
0.03, -0.060093675333384604, -0.038106027410867244
0.04, -0.07435887512954537, -0.056278002649187434
0.05, -0.07838710468219012, -0.06472597458598567
0.060000000000000005, -0.10125531462911291, -0.05110993854559488
0.07, -0.06477932725022768, -0.001453251639863977
0.08, -0.062531330237055, 0.00882488989405103
0.09, -0.06897080859887385, -0.016313317463967778
0.09999999999999999, -0.0660847103795075, -0.013927040685527269
0.10999999999999999, -0.02103775928134337, 0.009508439996778733
0.11999999999999998, 0.028255549455368408, 0.0033984639960534142
0.12999999999999998, 0.0596702395914574, -0.0026190040484132884
0.13999999999999999, 0.046233754599122115, 0.0027118634124562737
0.15, 0.06117807148173607, 0.011076101831528674
0.16, 0.05668148722824524, 0.03917008480323354
0.17, 0.08311849512302619, 0.04168173121788409
0.18000000000000002, 0.07185103367404228, 0.09794225992951526
0.19000000000000003, 0.08080973795705321, 0.0755149263883281
0.20000000000000004, 0.06464638621430112, 0.07678535294197773
0.21000000000000005, 0.0720474980505963, 0.07340722717565788
0.22000000000000006, 0.05973970812507913, 0.0545174785972615
0.23000000000000007, 0.0428842791735151, 0.08254182830346227
0.24000000000000007, 0.07552718353272586, 0.07911623653966138
0.25000000000000006, 0.09401965823238319, 0.07326218594944246
0.26000000000000006, 0.09675706827298954, 0.0949842176914731
0.2700000000000001, 0.1066155023159099, 0.09697116918405738
0.2800000000000001, 0.12092529152566654, 0.10738703964133582
0.2900000000000001, 0.11451455413617487, 0.11532439474435983
0.3000000000000001, 0.1467620785489616, 0.1169211033146729
0.3100000000000001, 0.14923396399256264, 0.07933009991381888
0.3200000000000001, 0.17555773690531895, 0.12921142145912937
0.3300000000000001, 0.17973103721008366, 0.15695607513091425
0.34000000000000014, 0.1363620948573869, 0.17067033238940157
0.35000000000000014, 0.14069209750628994, 0.20372083666747204
0.36000000000000015, 0.15090608748255138, 0.22420991126593073
0.37000000000000016, 0.1408298537120917, 0.24311115289051163
0.38000000000000017, 0.14529765475821266, 0.24178334164601176
0.3900000000000002, 0.16095772301182873, 0.27440872603629923
0.4000000000000002, 0.15674497724931452, 0.2587829910678105
0.4100000000000002, 0.13827383283614442, 0.2665238383736315
0.4200000000000002, 0.1372266138827469, 0.25790729907821486
0.4300000000000002, 0.1310631620897123, 0.24704080623076674
0.4400000000000002, 0.11442015851325578, 0.22183782454675144
0.45000000000000023, 0.15091268110924164, 0.22325017071712516
0.46000000000000024, 0.16525768360446386, 0.21116399868903982
0.47000000000000025, 0.1696158470764448, 0.22374617302521008
0.48000000000000026, 0.15872988757448012, 0.20987508717636083
0.49000000000000027, 0.17056169271251428, 0.23574785808802645
0.5000000000000002, 0.17495595818998372, 0.24355758725369028
0.5100000000000002, 0.18244592335702775, 0.22801620008444382
0.5200000000000002, 0.18123622827320016, 0.24697080029523263
0.5300000000000002, 0.14316030640409794, 0.2966292964915202
0.5400000000000003, 0.13112743785815106, 0.29943308336043406
0.5500000000000003, 0.11912318837990019, 0.30437615947373525
0.5600000000000003, 0.1315786496240419, 0.2859296670727595
0.5700000000000003, 0.13292002745001835, 0.30052497593322747
0.5800000000000003, 0.11707213796229617, 0.3371302275474876
0.5900000000000003, 0.0962163363141457, 0.34849575493365226
0.6000000000000003, 0.1289360110424838, 0.3848662359976211
0.6100000000000003, 0.11344698171093207, 0.39925487005611526
0.6200000000000003, 0.09713309225204324, 0.4070208177750929
0.6300000000000003, 0.12301910107938287, 0.39803643399390676
0.6400000000000003, 0.15990283058903304, 0.3939712479503823
0.6500000000000004, 0.20528082725585914, 0.396609224418129
0.6600000000000004, 0.1800978839687351, 0.42490567855005257
0.6700000000000004, 0.16623059761784006, 0.38167119505135183
0.6800000000000004, 0.19920080394688927, 0.38918673562611106
0.6900000000000004, 0.18522293157561653, 0.4078615730564667
0.7000000000000004, 0.2006550361806423, 0.4291377098022275
0.7100000000000004, 0.19470877869470732, 0.4573543713565653
0.7200000000000004, 0.2083395531873651, 0.4854956215566939
0.7300000000000004, 0.20960593611657943, 0.4986183718085774
0.7400000000000004, 0.2207447315328109, 0.5028728292434266
0.7500000000000004, 0.2100994712067758, 0.5520792283247411
0.7600000000000005, 0.22289021079541538, 0.5681046499174254
0.7700000000000005, 0.22553242461852563, 0.5791619754811135
0.7800000000000005, 0.2546934602385076, 0.6019693232939527
0.7900000000000005, 0.2596710207731606, 0.5584696666222421
0.8000000000000005, 0.2519698253541795, 0.574587471599755
0.8100000000000005, 0.2657424114733515, 0.584324710627153
0.8200000000000005, 0.27849793053999256, 0.5824572658886121
0.8300000000000005, 0.3075643096412652, 0.5507409887919956
0.8400000000000005, 0.31000006598540153, 0.5491075715491406
0.8500000000000005, 0.30217535010994184, 0.5402435611075622
0.8600000000000005, 0.29144807417650004, 0.5546527513200757
0.8700000000000006, 0.31189301352260895, 0.5261651716276836
0.8800000000000006, 0.31969405166733605, 0.5819539143812035
0.8900000000000006, 0.322757749927781, 0.5777042164775876
0.9000000000000006, 0.34627118446061156, 0.5784177959337209
0.9100000000000006, 0.3751873670700449, 0.6066052196222483
0.9200000000000006, 0.36573557528478434, 0.6167874924139659
0.9300000000000006, 0.38125673646810193, 0.6367363313343943
0.9400000000000006, 0.37080690443469666, 0.6173291684548934
0.9500000000000006, 0.37559270244940657, 0.6180958231376693
0.9600000000000006, 0.369378347523711, 0.6456293589301456
0.9700000000000006, 0.39525310985282724, 0.6240036272086821
0.9800000000000006, 0.405820884937151, 0.6521915344173238
0.9900000000000007, 0.3901716017174214, 0.6304731532234096
1.0000000000000007, 0.4091438175005651, 0.6195501143908904
1.0100000000000007, 0.40482102931830244, 0.5940639874570066
1.0200000000000007, 0.40349657168190955, 0.6084633016000646
1.0300000000000007, 0.3949698043502238, 0.6458486291845995
1.0400000000000007, 0.38428896265888857, 0.6822358493154776
1.0500000000000007, 0.3836375782602599, 0.6846688053076241
1.0600000000000007, 0.397917527479857, 0.6720510017379562
1.0700000000000007, 0.3821365162223098, 0.6950115941228838
1.0800000000000007, 0.3901845830019023, 0.6907828602666198
1.0900000000000007, 0.4138232746110634, 0.6738179367354973
1.1000000000000008, 0.39494029244624584, 0.6648783947242468
1.1100000000000008, 0.37608261827303435, 0.6779745225239073
1.1200000000000008, 0.36778554269869046, 0.676583470944679
1.1300000000000008, 0.36185356203288044, 0.6785747041798526
1.1400000000000008, 0.33690911564943854, 0.673684701190052
1.1500000000000008, 0.3120043200273682, 0.666909253112207
1.1600000000000008, 0.29940951766576174, 0.682860640571952
1.1700000000000008, 0.2868764412362437, 0.7382135717679712
1.1800000000000008, 0.3040160646814043, 0.7265171890094887
1.1900000000000008, 0.31228663464376044, 0.7213504667573849
1.2000000000000008, 0.311739633068334, 0.7192126470424645
1.2100000000000009, 0.3081879350853266, 0.714629356227634
1.2200000000000009, 0.324058573722362, 0.7125323531038434
1.2300000000000009, 0.34037195360528916, 0.7485619819089834
1.2400000000000009, 0.36240430579834765, 0.7196573613772884
1.2500000000000009, 0.35066380556059473, 0.7068872604731409
1.260000000000001, 0.36353561930178185, 0.7140158750684138
1.270000000000001, 0.3867139927309542, 0.723876837840809
1.280000000000001, 0.39801483229920875, 0.7517682009113257
1.290000000000001, 0.3998453487064745, 0.7557820027673091
1.300000000000001, 0.35731331064961014, 0.7580392291813157
1.310000000000001, 0.40311932406098183, 0.8068709878304202
1.320000000000001, 0.41292929719130156, 0.8334843924320742
1.330000000000001, 0.435031793349034, 0.8473277848453539
1.340000000000001, 0.4143866618254007, 0.8831439068393415
1.350000000000001, 0.4480274515951297, 0.8442982769244083
1.360000000000001, 0.4406362694865084, 0.8295345112429157
1.370000000000001, 0.4253629115847385, 0.7858161821589762
1.380000000000001, 0.4367390195911755, 0.7837916857370042
1.390000000000001, 0.4396294822678237, 0.7579790179298123
1.400000000000001, 0.4362434371905999, 0.7196101963402579
1.410000000000001, 0.46389507638311894, 0.7269057259028469
1.420000000000001, 0.4450372344607299, 0.7357855545822959
1.430000000000001, 0.4484402385865679, 0.7772343462551659
1.440000000000001, 0.41753849050974323, 0.7554279178667528
1.450000000000001, 0.42298260428110657, 0.7442208993897769
1.460000000000001, 0.4042285966849935, 0.7423430805377336
1.470000000000001, 0.4007046288850188, 0.7533453804100986
1.480000000000001, 0.4176599309161533, 0.775504776560932
1.490000000000001, 0.39283940292415126, 0.7588559085159607
1.500000000000001, 0.4351924346558416, 0.7850108833207429
1.5100000000000011, 0.4406747658127527, 0.7806478167269378
1.5200000000000011, 0.4324970584423058, 0.7609715609696549
1.5300000000000011, 0.4170624191832294, 0.7808135414990629
1.5400000000000011, 0.41998710783886317, 0.794837977687524
1.5500000000000012, 0.41662390915453845, 0.7659881198832348
1.5600000000000012, 0.42476743680522794, 0.7428029061461031
1.5700000000000012, 0.42618736429275944, 0.7680403658523519
1.5800000000000012, 0.4279995358722767, 0.7703271804554942
1.5900000000000012, 0.3854448527490014, 0.7807848000547066
1.6000000000000012, 0.36070398773954726, 0.8003130963302227
1.6100000000000012, 0.356002028320115, 0.8071714318566343
1.6200000000000012, 0.3616995664563711, 0.8350746943181497
1.6300000000000012, 0.37013516265126034, 0.8121242060987485
1.6400000000000012, 0.36218151810459553, 0.7860510661564382
1.6500000000000012, 0.3249260189435371, 0.7987092690196229
1.6600000000000013, 0.32668360741238295, 0.7879076973790543
1.6700000000000013, 0.33505877451633737, 0.8199132802637269
1.6800000000000013, 0.33170579934363814, 0.8212238106425062
1.6900000000000013, 0.37433029394117673, 0.8192882512833458
1.7000000000000013, 0.38743246657092795, 0.8471973695767011
1.7100000000000013, 0.4028036227199577, 0.8271670381885051
1.7200000000000013, 0.4302181616755613, 0.8227784844979757
1.7300000000000013, 0.40935494354709473, 0.8060108516789579
1.7400000000000013, 0.4386948132056163, 0.8378482882520285
1.7500000000000013, 0.44698749774225527, 0.8524180667269938
1.7600000000000013, 0.4622470611268714, 0.8718706659286014
1.7700000000000014, 0.49949630294425706, 0.9036259074804927
1.7800000000000014, 0.4836030288965979, 0.9041791247859315
1.7900000000000014, 0.5100111468259617, 0.9408732147783294
1.8000000000000014, 0.5124998174159254, 0.9189937893698856
1.8100000000000014, 0.5177590804666097, 0.9023123482027848
1.8200000000000014, 0.510376907144451, 0.8857066136756747
1.8300000000000014, 0.5000653863958443, 0.9007844483990594
1.8400000000000014, 0.49004119629190646, 0.928398684853647
1.8500000000000014, 0.5017981493153454, 0.9395238170482104
1.8600000000000014, 0.48339907539274346, 0.949601110759592
1.8700000000000014, 0.5167684473856429, 0.9759239083090401
1.8800000000000014, 0.5322317230689655, 1.0023107056909855
1.8900000000000015, 0.5608877923391317, 1.0040531199452347
1.9000000000000015, 0.5693789296621594, 0.9820706166598839
1.9100000000000015, 0.5661524317106956, 1.0067712735743732
1.9200000000000015, 0.5628498807490141, 1.0375043293545676
1.9300000000000015, 0.605613919492068, 1.0578044455239008
1.9400000000000015, 0.6185452923579481, 1.0724812480320578
1.9500000000000015, 0.6396673100595778, 1.0859804539313787
1.9600000000000015, 0.6552018680102014, 1.0834300845563825
1.9700000000000015, 0.6369361057728864, 1.1141052930457906
1.9800000000000015, 0.616643192209716, 1.1286196368214507
1.9900000000000015, 0.612354232836183, 1.1234263395885533
2.0000000000000013, 0.5921405716323871, 1.1329044519604416
2.010000000000001, 0.5776101903332241, 1.1434473941615828
2.020000000000001, 0.5727265785115803, 1.1378877453192804
2.0300000000000007, 0.5885458931498101, 1.16916559629012
2.0400000000000005, 0.5911595070832243, 1.1827777087893192
2.0500000000000003, 0.5974546534058108, 1.1886998255117733
2.06, 0.58571738226461, 1.1678053545840974
2.07, 0.5709186142559162, 1.2036508802211212
2.0799999999999996, 0.5751382161296217, 1.209403587843459
2.0899999999999994, 0.5599794255567734, 1.2239385995213854
2.099999999999999, 0.6066718470742269, 1.2506205771415442
2.109999999999999, 0.6098845182786132, 1.2449413112459813
2.1199999999999988, 0.6159135870599032, 1.2214438907122134
2.1299999999999986, 0.613163122767433, 1.2159566696072355
2.1399999999999983, 0.6105574170076729, 1.2264950944097117
2.149999999999998, 0.6537987448763174, 1.2234388707210713
2.159999999999998, 0.6564653346629712, 1.2350719212413774
2.1699999999999977, 0.6536894206245587, 1.2535752689298807
2.1799999999999975, 0.682876739067752, 1.253863124364001
2.1899999999999973, 0.6629442043088414, 1.2803949055700528
2.199999999999997, 0.6759434743591748, 1.2660905087351464
2.209999999999997, 0.6560615851316133, 1.2787486958366678
2.2199999999999966, 0.6585232251714507, 1.2900649113737244
2.2299999999999964, 0.6753395503186982, 1.275687800597668
2.239999999999996, 0.6661011780725956, 1.2553043119211866
2.249999999999996, 0.6612064543311512, 1.2220359565873067
2.259999999999996, 0.6562152446330711, 1.2093782455605386
2.2699999999999956, 0.6842354579806099, 1.2333862138148368
2.2799999999999954, 0.7001500464611347, 1.215778162691369
2.289999999999995, 0.7059317752806068, 1.2055470971708495
2.299999999999995, 0.7032977781931937, 1.2117093389578384
2.3099999999999947, 0.6948571414704838, 1.208751889044704
2.3199999999999945, 0.6799862017071704, 1.2032160870191093
2.3299999999999943, 0.709588616321455, 1.1955394012807379
2.339999999999994, 0.7666580403217106, 1.1880042621187612
2.349999999999994, 0.7394075435109138, 1.1771775844236079
2.3599999999999937, 0.7549048338756781, 1.1600715455859498
2.3699999999999934, 0.7543897268817219, 1.1618043860051421
2.3799999999999932, 0.7699040228327712, 1.1466643168847093
2.389999999999993, 0.773767027521769, 1.1396039003447653
2.399999999999993, 0.7614838542587818, 1.1753401744712002
2.4099999999999926, 0.7432802351070651, 1.2070454930706056
2.4199999999999924, 0.7862075709879093, 1.2133293081887842
2.429999999999992, 0.8149890159823755, 1.2487162200101722
2.439999999999992, 0.7945989648705672, 1.225889203870742
2.4499999999999917, 0.789215471169854, 1.223590477530181
2.4599999999999915, 0.7711226555570501, 1.2232509370405573
2.4699999999999913, 0.753038646113799, 1.2098453134893006
2.479999999999991, 0.7478195262855537, 1.2045656193126157
2.489999999999991, 0.7646638481223708, 1.2398609127315956
2.4999999999999907, 0.7759709859696171, 1.2598007037102221
2.5099999999999905, 0.778150453935886, 1.244182465039307
2.5199999999999902, 0.7362707793192236, 1.241275407368712
2.52999999999999, 0.7384680362740739, 1.2143415023983317
2.53999999999999, 0.777124914705952, 1.2688440419821383
2.5499999999999896, 0.7743894441040329, 1.2780746804774576
2.5599999999999894, 0.7636383915829138, 1.2725779502269536
2.569999999999989, 0.790617682271915, 1.2278512328353486
2.579999999999989, 0.7855762808486516, 1.210649266027787
2.5899999999999888, 0.7888177170152663, 1.2103704906188095
2.5999999999999885, 0.7858369933458802, 1.207726572625446
2.6099999999999883, 0.7702605579753651, 1.1881265340213818
2.619999999999988, 0.7851465015652838, 1.2014498347198115
2.629999999999988, 0.8088291365931576, 1.1689042515197448
2.6399999999999877, 0.8299478282740476, 1.1725320964546293
2.6499999999999875, 0.8427136329192539, 1.180858094515783
2.6599999999999873, 0.8181846373061699, 1.2002028189190213
2.669999999999987, 0.8213000060842675, 1.1860870083131416
2.679999999999987, 0.8453990654644206, 1.176464219634198
2.6899999999999866, 0.8564913279433692, 1.192107673111477
2.6999999999999864, 0.8859613297477581, 1.1659848887460673
2.709999999999986, 0.9092001077766504, 1.180004132858044
2.719999999999986, 0.9087085722294248, 1.1818320908962947
2.7299999999999858, 0.9238358268137339, 1.1602639042281997
2.7399999999999856, 0.9181009609101042, 1.1872578431172327
2.7499999999999853, 0.9463741068758347, 1.2019780702475444
2.759999999999985, 0.956984104396755, 1.1905387794626758
2.769999999999985, 0.993935628078075, 1.164795992165105
2.7799999999999847, 0.9843909864419523, 1.1727389564346937
2.7899999999999845, 1.029780375669591, 1.1603224476790994
2.7999999999999843, 1.0044173296692058, 1.1562751647740064
2.809999999999984, 1.024753979585955, 1.169666037822245
2.819999999999984, 0.9868185251396604, 1.1266550393081667
2.8299999999999836, 0.9853284723286146, 1.120594295892518
2.8399999999999834, 0.9661100669002783, 1.1167363648821844
2.849999999999983, 0.9448007962602617, 1.1259167994501664
2.859999999999983, 0.9070261816352287, 1.1193456713441918
2.869999999999983, 0.8859738993907582, 1.120034269342857
2.8799999999999826, 0.9008104953780742, 1.1469889706088783
2.8899999999999824, 0.9164968735158195, 1.1152006824206164
2.899999999999982, 0.888475549253178, 1.1199666362082101
2.909999999999982, 0.9175360610924956, 1.1305969572811436
2.9199999999999817, 0.9035843079922093, 1.1506444622848762
2.9299999999999815, 0.9000665230815131, 1.1524344319424578
2.9399999999999813, 0.8846119895764515, 1.1707293137991874
2.949999999999981, 0.8711210263577623, 1.1968421139297778
2.959999999999981, 0.8526910162433692, 1.1984148375650805
2.9699999999999807, 0.8414311472645303, 1.1965035108669357
2.9799999999999804, 0.8335786795010165, 1.1965644686912926
2.9899999999999802, 0.848326301509892, 1.2281151859581871
2.99999999999998, 0.8748184587823645, 1.2557487782930423
3.00999999999998, 0.8444159820660192, 1.2998079810027212
3.0199999999999796, 0.8784713861652185, 1.3086259278958285
3.0299999999999794, 0.8716155997078937, 1.322428775969591
3.039999999999979, 0.8349474080503623, 1.3410170357932893
3.049999999999979, 0.8171947007979227, 1.313794684931878
3.0599999999999787, 0.8295098353375449, 1.2963357105318585
3.0699999999999785, 0.8574820506594284, 1.3161650001685532
3.0799999999999783, 0.8617811903276982, 1.331003401014613
3.089999999999978, 0.8616637164611333, 1.3659349447284161
3.099999999999978, 0.888681682288041, 1.350909060727221
3.1099999999999777, 0.9046054349361555, 1.3392380897930554
3.1199999999999775, 0.9043626345456331, 1.3643852427572853
3.1299999999999772, 0.9012346370990716, 1.3246965006188651
3.139999999999977, 0.9226067289477367, 1.3341827082622357
3.149999999999977, 0.9283273397951697, 1.3100677550118252
3.1599999999999766, 0.9132825934107032, 1.3463140551301576
3.1699999999999764, 0.9291260860367576, 1.3477599776912954
3.179999999999976, 0.9395136889425231, 1.3179906371489154
3.189999999999976, 0.9900496511561486, 1.3370406838390825
3.1999999999999758, 1.0002005516975083, 1.3435270774899088
3.2099999999999755, 1.0021271417213113, 1.3875687471922633
3.2199999999999753, 1.0408312884163005, 1.378035675313765
3.229999999999975, 1.0735555098894647, 1.4055376344000317
3.239999999999975, 1.0625533563673188, 1.3978290853784376
3.2499999999999747, 1.0909802980864278, 1.4011164129341571
3.2599999999999745, 1.0932552236534074, 1.4045419179883267
3.2699999999999743, 1.1216008863054552, 1.4057846073889517
3.279999999999974, 1.1103981920063375, 1.4194038252914378
3.289999999999974, 1.086104038570866, 1.4557436679513058
3.2999999999999736, 1.081282579747983, 1.4590407058940766
3.3099999999999734, 1.1053061644757936, 1.4511905209363587
3.319999999999973, 1.118001049928545, 1.4518982193905827
3.329999999999973, 1.0999970590964363, 1.4464646996666093
3.3399999999999728, 1.1120280888438003, 1.4309078487428124
3.3499999999999726, 1.1000059436970828, 1.4416516870464233
3.3599999999999723, 1.1169214874115845, 1.4259753075857071
3.369999999999972, 1.1324029978789791, 1.429753473386001
3.379999999999972, 1.14980598287602, 1.4241490574428228
3.3899999999999717, 1.1385900947320657, 1.419372924626524
3.3999999999999715, 1.1495725975825866, 1.4410788870432827
3.4099999999999713, 1.1382813601589539, 1.4268859869172223
3.419999999999971, 1.1330719083757685, 1.4158874206176293
3.429999999999971, 1.1484155233938802, 1.4104179072066723
3.4399999999999706, 1.1764714430663927, 1.387521528737794
3.4499999999999704, 1.1915037381454574, 1.41275490239817
3.45999999999997, 1.213443215681029, 1.3930454494630764
3.46999999999997, 1.1944846855507927, 1.4004741233972604
3.47999999999997, 1.221622823466174, 1.3570044533601777
3.4899999999999696, 1.213491288646127, 1.3428918034508703
3.4999999999999694, 1.217902131624531, 1.3394209385699072
3.509999999999969, 1.2494155587398432, 1.355383556993863
3.519999999999969, 1.2614597760167887, 1.3585179087039012
3.5299999999999687, 1.2744355099922424, 1.3599146155355173
3.5399999999999685, 1.2942325338736316, 1.3737994262546016
3.5499999999999683, 1.3051254577857065, 1.4238484096126953
3.559999999999968, 1.294134099235341, 1.461645632010512
3.569999999999968, 1.308909504772782, 1.4573351727173585
3.5799999999999677, 1.3134537583684915, 1.4800535390055887
3.5899999999999674, 1.3091518784989271, 1.4821106767318364
3.5999999999999672, 1.341099552881962, 1.4676548414190456
3.609999999999967, 1.3370395242626354, 1.4956541392561409
3.619999999999967, 1.3210527586366814, 1.4798629448216003
3.6299999999999666, 1.3413380033992859, 1.5024745938374267
3.6399999999999664, 1.331818243903762, 1.4985388742032504
3.649999999999966, 1.3037709310521142, 1.5240424360120866
3.659999999999966, 1.2964515114524977, 1.5377319571232713
3.6699999999999657, 1.2912436558580511, 1.5182817277530936
3.6799999999999655, 1.2883695564229738, 1.5032080573748572
3.6899999999999653, 1.3104113341694683, 1.5302776654691688
3.699999999999965, 1.3428478427195103, 1.5395928696043082
3.709999999999965, 1.3514254035746645, 1.557759389047956
3.7199999999999647, 1.3597460126250653, 1.5825742666665124
3.7299999999999645, 1.3862302494269532, 1.5501350617377074
3.7399999999999642, 1.3754947691609252, 1.5379022062636147
3.749999999999964, 1.35038581199423, 1.56505808424628
3.759999999999964, 1.3457618469840658, 1.5718129149160813
3.7699999999999636, 1.3512051806548828, 1.5576867331681161
3.7799999999999634, 1.362861548494414, 1.567906172250669
3.789999999999963, 1.364552184845508, 1.578625615411879
3.799999999999963, 1.3523025577670156, 1.605436436242173
3.8099999999999627, 1.369318188026298, 1.602338055199961
3.8199999999999625, 1.3512533857760982, 1.599988870057293
3.8299999999999623, 1.3616304160722308, 1.6093127796621294
3.839999999999962, 1.3729995801762804, 1.592025949707824
3.849999999999962, 1.3456828301193577, 1.5699478315844073
3.8599999999999617, 1.373874104341494, 1.5558527549748773
3.8699999999999615, 1.3846669676666565, 1.5871274566501403
3.8799999999999613, 1.405585755008975, 1.5876295860487597
3.889999999999961, 1.398045763384298, 1.5740400502478256
3.899999999999961, 1.413024318626516, 1.5627161931995
3.9099999999999606, 1.4094039167636065, 1.5719040797239954
3.9199999999999604, 1.4514192889328064, 1.5944122819076931
3.92999999999996, 1.4526204992244838, 1.5891460170487892
3.93999999999996, 1.4443447124840791, 1.592436270753547
3.9499999999999598, 1.476834294017178, 1.6192059287916523
3.9599999999999596, 1.4626104586638393, 1.603677000117814
3.9699999999999593, 1.4501977960294188, 1.61913730421264
3.979999999999959, 1.429574860094491, 1.6147589454534539
3.989999999999959, 1.4159658025205144, 1.635502063864254
3.9999999999999587, 1.4180625042259751, 1.624428482427754
4.009999999999959, 1.4266388623474338, 1.650051176256143
4.019999999999959, 1.4267719576797098, 1.6230530286767078
4.0299999999999585, 1.469394827507102, 1.60624304603872
4.039999999999958, 1.5008376812830555, 1.5958077534430533
4.049999999999958, 1.5103574374827362, 1.6014390881786713
4.059999999999958, 1.529059269077107, 1.611542363898522
4.069999999999958, 1.5545869911117085, 1.5974518468558794
4.079999999999957, 1.5355023851143206, 1.5953788878628943
4.089999999999957, 1.523672311393899, 1.5865999845791814
4.099999999999957, 1.5038445734374017, 1.6382773586691466
4.109999999999957, 1.5288317867504562, 1.6830885963418174
4.119999999999957, 1.5271653030062755, 1.6658314952033662
4.129999999999956, 1.5562065271450924, 1.6417663265432443
4.139999999999956, 1.5737727001770356, 1.62844573988709
4.149999999999956, 1.6126093609500711, 1.6194458244027403
4.159999999999956, 1.602814398595437, 1.5984626146311272
4.1699999999999555, 1.5909717660246865, 1.584580541355733
4.179999999999955, 1.561813739683106, 1.5643593475548045
4.189999999999955, 1.5429974567609464, 1.5870709053129506
4.199999999999955, 1.5442078177081084, 1.5789120761228541
4.209999999999955, 1.5610223575408755, 1.5588625065187856
4.2199999999999545, 1.5421970822331084, 1.5866015084556413
4.229999999999954, 1.5552616201304916, 1.6189427974555144
4.239999999999954, 1.5362049919833358, 1.6309267459683396
4.249999999999954, 1.522397177241146, 1.6164032241167994
4.259999999999954, 1.541114824716744, 1.619567184023311
4.269999999999953, 1.5648006241730459, 1.6274573307545654
4.279999999999953, 1.6037041146668063, 1.609862234574128
4.289999999999953, 1.5844615862786788, 1.5955984769091471
4.299999999999953, 1.6318893402072927, 1.5923164533223886
4.3099999999999525, 1.6900225806470381, 1.556820577102479
4.319999999999952, 1.669482037032818, 1.5521048935413535
4.329999999999952, 1.6635624035866023, 1.5507839519866615
4.339999999999952, 1.6645257584672843, 1.54562494661035
4.349999999999952, 1.6482399345021321, 1.5379717486179465
4.3599999999999515, 1.6777167920383655, 1.5116895399850363
4.369999999999951, 1.6674865414694902, 1.4963057467452596
4.379999999999951, 1.6481441877681986, 1.5348915075520715
4.389999999999951, 1.6578709919103467, 1.541415032225527
4.399999999999951, 1.6738762194476104, 1.5247072374885164
4.40999999999995, 1.708437534107235, 1.5020907406034973
4.41999999999995, 1.718036267705712, 1.5441227856909698
4.42999999999995, 1.7223192596248897, 1.5319366987641942
4.43999999999995, 1.6929828571493257, 1.527057098284989
4.4499999999999496, 1.6758664324596437, 1.4982817870314942
4.459999999999949, 1.6525669695222494, 1.5084460263267623
4.469999999999949, 1.6691905851125743, 1.4970423930916383
4.479999999999949, 1.6857720439598374, 1.4896582000899785
4.489999999999949, 1.6837229774336386, 1.4874831079551623
4.4999999999999485, 1.7083575356452012, 1.52093263469742
4.509999999999948, 1.706374426685276, 1.5290925334756578
4.519999999999948, 1.7003757102001507, 1.5097886922755408
4.529999999999948, 1.6857759243439443, 1.5431603972362669
4.539999999999948, 1.7066069555902719, 1.5204165218259196
4.549999999999947, 1.7220082564010817, 1.5216213126495493
4.559999999999947, 1.7384949103549152, 1.5228571332197218
4.569999999999947, 1.751459969374346, 1.5690766859435608
4.579999999999947, 1.749413565712961, 1.5614724920745078
4.589999999999947, 1.747022723907183, 1.5702489985984587
4.599999999999946, 1.7384236839841278, 1.5235111850779395
4.609999999999946, 1.7606021710479611, 1.5282696567992282
4.619999999999946, 1.7783423334706612, 1.537027664485161
4.629999999999946, 1.7853076123313971, 1.5084650672619042
4.6399999999999455, 1.7749652015264132, 1.5174864866132836
4.649999999999945, 1.7455389371629448, 1.5245038055263225
4.659999999999945, 1.7492406491121044, 1.5578036417734522
4.669999999999945, 1.7727356362489695, 1.585947432733725
4.679999999999945, 1.811498570560326, 1.613872793272083
4.689999999999944, 1.7910241186596427, 1.6371957116839502
4.699999999999944, 1.774871943471039, 1.6694772422806126
4.709999999999944, 1.773537728765471, 1.6456603745531313
4.719999999999944, 1.7717989292145002, 1.6376316046261015
4.729999999999944, 1.8106709597178616, 1.6536283188737853
4.739999999999943, 1.8356236557197332, 1.6384918597113036
4.749999999999943, 1.845879144947225, 1.656977387872713
4.759999999999943, 1.8557740346115958, 1.6511218063365296
4.769999999999943, 1.8538639480072103, 1.6843179412076341
4.7799999999999425, 1.9056505437610733, 1.6818200839076467
4.789999999999942, 1.9232104383975797, 1.693665984011439
4.799999999999942, 1.9528200512001128, 1.716315545990147
4.809999999999942, 1.9828976166492192, 1.7049880506789117
4.819999999999942, 1.9897448734945156, 1.6892551598384589
4.8299999999999415, 1.9710212562059315, 1.6956806786033616
4.839999999999941, 1.9623835706344372, 1.7187492378569738
4.849999999999941, 1.9566799356599616, 1.745424613481172
4.859999999999941, 1.9493773874870444, 1.7544768027795197
4.869999999999941, 1.9386592941259, 1.7604041895642581
4.87999999999994, 1.915735071172696, 1.7875812483776308
4.88999999999994, 1.8989235379957554, 1.8071247581912544
4.89999999999994, 1.897100839231126, 1.7994245414541306
4.90999999999994, 1.8563910852001084, 1.8427434389597699
4.9199999999999395, 1.8873968606343627, 1.8370688452652333
4.929999999999939, 1.873099562664966, 1.8250183736110037
4.939999999999939, 1.8893187030661895, 1.8462960272244444
4.949999999999939, 1.8851512457742934, 1.822941928067803
4.959999999999939, 1.8989567983532076, 1.8154650827543208
4.9699999999999385, 1.8759987301044028, 1.798373441539206
4.979999999999938, 1.8469705413157964, 1.819617945007637
4.989999999999938, 1.85061354617955, 1.8419616938387595
4.999999999999938, 1.854226714145038, 1.7922672245250462
5.009999999999938, 1.8550858695372237, 1.8237309786505962
5.019999999999937, 1.8682395906668894, 1.8222660460881905
5.029999999999937, 1.8750931627606697, 1.772788666886014
5.039999999999937, 1.9047534868827642, 1.7693614193745195
5.049999999999937, 1.9056522760182006, 1.7961029180606163
5.0599999999999365, 1.893921525650734, 1.7909219083848276
5.069999999999936, 1.9086420131090116, 1.7925065847343453
5.079999999999936, 1.947546106744357, 1.7819426085332617
5.089999999999936, 1.9700781686612328, 1.7715002273141394
5.099999999999936, 1.9637612720595783, 1.8074967402982458
5.1099999999999355, 1.9864010401082983, 1.795739013804104
5.119999999999935, 1.993703543940971, 1.8109539120216331
5.129999999999935, 2.0288461542687113, 1.8030779042541554
5.139999999999935, 2.0339666038490862, 1.822381058349906
5.149999999999935, 2.0379609699273593, 1.8180561194519214
5.159999999999934, 2.0424700177666972, 1.7973504491331591
5.169999999999934, 2.066213732100616, 1.818361533505453
5.179999999999934, 2.0829799508913527, 1.8126403298375007
5.189999999999934, 2.0756172957286, 1.793749760937178
5.199999999999934, 2.052667896226664, 1.7813516487382928
5.209999999999933, 2.053527922195965, 1.802632233101649
5.219999999999933, 2.0924743445020844, 1.7747391976056643
5.229999999999933, 2.09119652032286, 1.730882699043793
5.239999999999933, 2.1050234490719846, 1.742253642834424
5.2499999999999325, 2.069448039048467, 1.7596589984808424
5.259999999999932, 2.057732004672693, 1.7742036992395152
5.269999999999932, 2.0460118503492937, 1.7524081208437061
5.279999999999932, 2.04931477837896, 1.7388616941386512
5.289999999999932, 2.0478392140593655, 1.7122675827219285
5.299999999999931, 2.0511405113011714, 1.7633858690028794
5.309999999999931, 2.0308401467756645, 1.7994956106056668
5.319999999999931, 2.0598903912327384, 1.8187452585476949
5.329999999999931, 2.030806958709967, 1.7961480301789947
5.339999999999931, 2.0407756247255433, 1.7975348495632315
5.34999999999993, 2.071820114672263, 1.784794381619074
5.35999999999993, 2.0997274793948693, 1.7800080412495725
5.36999999999993, 2.081069686172457, 1.7770003939582297
5.37999999999993, 2.086216786836169, 1.7665511330721244
5.3899999999999295, 2.063221873499178, 1.7354305797959155
5.399999999999929, 2.0619366495918023, 1.7160042083814184
5.409999999999929, 2.068788752785895, 1.6980859556288965
5.419999999999929, 2.070045398621075, 1.6722540289343746
5.429999999999929, 2.0823634626529786, 1.678333343416924
5.4399999999999284, 2.101017341004725, 1.6611509334558605
5.449999999999928, 2.0908938880426438, 1.6694403109840708
5.459999999999928, 2.1031844402704705, 1.6617025561165444
5.469999999999928, 2.1381325551838555, 1.6625288176405673
5.479999999999928, 2.121049367311069, 1.6369050343375748
5.489999999999927, 2.133137649482501, 1.6323016301632365
5.499999999999927, 2.149647394756469, 1.641662402602851
5.509999999999927, 2.150151788636062, 1.6714052685328615
5.519999999999927, 2.1637541290387463, 1.6635709511055616
5.5299999999999265, 2.137560981064672, 1.654012404711654
5.539999999999926, 2.1663178484749026, 1.6399012832777378
5.549999999999926, 2.1839514310408465, 1.617774552216916
5.559999999999926, 2.212908770903407, 1.6306857575045766
5.569999999999926, 2.215507017587906, 1.6229193787086509
5.5799999999999255, 2.2309758382938627, 1.5828246644783985
5.589999999999925, 2.2210778606029, 1.577643435076606
5.599999999999925, 2.2266659363281676, 1.632299599433099
5.609999999999925, 2.2484522970482455, 1.6285856077024126
5.619999999999925, 2.2307403510139237, 1.6074873145585735
5.629999999999924, 2.242893779599093, 1.5900770137691114
5.639999999999924, 2.2424369977526695, 1.5825238069086034
5.649999999999924, 2.2447006705173935, 1.5859551575118083
5.659999999999924, 2.2548371419440776, 1.578697546781469
5.6699999999999235, 2.2372345598621215, 1.5930825080130475
5.679999999999923, 2.247513682200707, 1.5690719432758309
5.689999999999923, 2.2934483630082725, 1.5955591904964528
5.699999999999923, 2.3044302520237205, 1.6222774886051543
5.709999999999923, 2.2799772281897894, 1.6439299346893672
5.7199999999999225, 2.2748660997043784, 1.6266440759922527
5.729999999999922, 2.252810355036725, 1.6108800141017232
5.739999999999922, 2.2647317739525477, 1.63085580417696
5.749999999999922, 2.2915658759259836, 1.6298835096402642
5.759999999999922, 2.3136249310033112, 1.6256501061791846
5.769999999999921, 2.3084492993954657, 1.641467752899487
5.779999999999921, 2.322328065995343, 1.6371552691293352
5.789999999999921, 2.305478997042027, 1.6131257288508474
5.799999999999921, 2.294133765157866, 1.6245094086884333
5.809999999999921, 2.3353225259339867, 1.5747120610075052
5.81999999999992, 2.390615855018813, 1.5704803616912972
5.82999999999992, 2.375732411039715, 1.57293673148162
5.83999999999992, 2.349612216634991, 1.5396237678676254
5.84999999999992, 2.365479935554657, 1.553352230052558
5.8599999999999195, 2.36935048966083, 1.5506080260258879
5.869999999999919, 2.3623479851955325, 1.5510633950436588
5.879999999999919, 2.349637465668367, 1.5199992967918088
5.889999999999919, 2.35366290760034, 1.4921175772707809
5.899999999999919, 2.34938812419118, 1.4764498860114952
5.909999999999918, 2.3818257356177712, 1.4972850079334379
5.919999999999918, 2.383636295121798, 1.4670652857298807
5.929999999999918, 2.3855331857959214, 1.4667993518982956
5.939999999999918, 2.3536743518540177, 1.448917159296809
5.949999999999918, 2.33746046401016, 1.4308580187531108
5.959999999999917, 2.3188630815429994, 1.4243117284062394
5.969999999999917, 2.3746615136807363, 1.4159129961818746
5.979999999999917, 2.3490229647464744, 1.3816697877867026
5.989999999999917, 2.3348704426287847, 1.3855418478998314
5.9999999999999165, 2.3156583255595105, 1.3619307439389918
6.009999999999916, 2.353250296200308, 1.3552496230575168
6.019999999999916, 2.368985119685008, 1.3394397049146378
6.029999999999916, 2.356916910613281, 1.3609372121672434
6.039999999999916, 2.37828442602247, 1.3459488041873813
6.0499999999999154, 2.398396855378422, 1.3437367316016204
6.059999999999915, 2.392143142588867, 1.3475651378359346
6.069999999999915, 2.3937278054907445, 1.361695003158852
6.079999999999915, 2.389552164686585, 1.3487225317019735
6.089999999999915, 2.358063948866781, 1.3474163532065515
6.099999999999914, 2.380748699142111, 1.3321597972575443
6.109999999999914, 2.4173438100806464, 1.3238506419808274
6.119999999999914, 2.4280462982719535, 1.2932427687968602
6.129999999999914, 2.4293018311569536, 1.2804345723175896
6.1399999999999135, 2.4152147696916564, 1.2964778643927632
6.149999999999913, 2.3992908548435103, 1.2975102155745297
6.159999999999913, 2.418059494447551, 1.322780848004895
6.169999999999913, 2.416908451752671, 1.3370134649559642
6.179999999999913, 2.3913800917638666, 1.3240406920196162
6.1899999999999125, 2.3721473155963415, 1.335950290721239
6.199999999999912, 2.3529739375452605, 1.332258275625318
6.209999999999912, 2.324797149827028, 1.3483869271505322
6.219999999999912, 2.3139621239135186, 1.35748972305718
6.229999999999912, 2.3190326340503824, 1.3479913248432873
6.239999999999911, 2.3137444331374812, 1.3734260172810746
6.249999999999911, 2.3697208109971943, 1.3698028587979942
6.259999999999911, 2.3555286297452223, 1.3547434601120956
6.269999999999911, 2.351684405058063, 1.3707880550994878
6.2799999999999105, 2.313699487496399, 1.3494723261755652
6.28999999999991, 2.336521341009523, 1.3432585425081518
6.29999999999991, 2.33211992767938, 1.3607401780263078
6.30999999999991, 2.3160630733046355, 1.350452241003637
6.31999999999991, 2.2879448980972223, 1.3208708353684466
6.3299999999999095, 2.291044862039908, 1.295643367950655
6.339999999999909, 2.302256965479757, 1.3265442634050124
6.349999999999909, 2.3292208279631232, 1.292825470860397
6.359999999999909, 2.323047503423121, 1.3091015957280758
6.369999999999909, 2.3278193913869645, 1.2821379917955162
6.379999999999908, 2.3484462917922775, 1.2624819256445874
6.389999999999908, 2.385388901076529, 1.27822381142078
6.399999999999908, 2.38647751971414, 1.2478949919961888
6.409999999999908, 2.3827855552243897, 1.2377847260404564
6.419999999999908, 2.4103856200251013, 1.2413781867339415
6.429999999999907, 2.4422811506306425, 1.2448491313104388
6.439999999999907, 2.4383447334964434, 1.217503909321388
6.449999999999907, 2.4476942223787974, 1.1921426763840193
6.459999999999907, 2.4603124663709193, 1.1912057656424542
6.4699999999999065, 2.448461171162981, 1.2015139511146997
6.479999999999906, 2.4476471668119077, 1.203797944283939
6.489999999999906, 2.452392075945633, 1.1786244563889137
6.499999999999906, 2.4660584763318942, 1.1422535856706442
6.509999999999906, 2.4624373533922634, 1.1299103637778583
6.519999999999905, 2.465092177130277, 1.1518977304011209
6.529999999999905, 2.4644147774635146, 1.151915840521141
6.539999999999905, 2.4677936192377175, 1.1419137921443636
6.549999999999905, 2.466734278389078, 1.1270586387960184
6.559999999999905, 2.446166470300929, 1.1487265640411832
6.569999999999904, 2.4304932174228027, 1.1498737836069721
6.579999999999904, 2.4637880094415805, 1.1231732354881157
6.589999999999904, 2.5008768267154364, 1.1224842439558866
6.599999999999904, 2.4891552179980363, 1.1235298837369654
6.6099999999999035, 2.5172723062408817, 1.099536777150566
6.619999999999903, 2.5010487971679685, 1.1214408460804839
6.629999999999903, 2.5030925169574445, 1.1243870371966307
6.639999999999903, 2.5593293166951763, 1.107284798359656
6.649999999999903, 2.5718663076010064, 1.137951334039659
6.659999999999902, 2.5826716275883115, 1.1251758553934637
6.669999999999902, 2.5811924201283145, 1.1075192321793825
6.679999999999902, 2.595847957971466, 1.1096575491009824
6.689999999999902, 2.5675959281254253, 1.0873959000019648
6.699999999999902, 2.59952086287235, 1.0510272563730896
6.709999999999901, 2.5911002064840263, 1.0423547610053867
6.719999999999901, 2.5827590545920915, 1.027235541954084
6.729999999999901, 2.5859956803376303, 1.0309864584923907
6.739999999999901, 2.5909494776008466, 1.0246456400731774
6.7499999999999005, 2.640851630680789, 1.0302269735137222
6.7599999999999, 2.6370151072023003, 1.0282486174004444
6.7699999999999, 2.6452350955403796, 1.0117227066356438
6.7799999999999, 2.657846345900326, 0.9847597861078122
6.7899999999999, 2.6673364298653626, 1.0066102325717403
6.7999999999998995, 2.663666494002361, 0.9890081622359895
6.809999999999899, 2.675943671128807, 1.0006644188763714
6.819999999999899, 2.6620121189409574, 0.9737850617878653
6.829999999999899, 2.648140184837028, 0.9583729177382679
6.839999999999899, 2.651447909445556, 0.9045686841155738
6.849999999999898, 2.6361492428951063, 0.9022062788115285
6.859999999999898, 2.635999937864152, 0.9076668271481725
6.869999999999898, 2.6155146316370597, 0.8886653704504378
6.879999999999898, 2.594471771879203, 0.8686501789645984
6.8899999999998975, 2.5526123161476852, 0.8375211251783634
6.899999999999897, 2.555382238270088, 0.7902553718518757
6.909999999999897, 2.593593011810712, 0.7776981883380214
6.919999999999897, 2.5855669417817766, 0.7404841451751806
6.929999999999897, 2.5742989716472757, 0.7343048220772698
6.9399999999998965, 2.580693591229306, 0.767669417234349
6.949999999999896, 2.574356857697515, 0.7576979619971196
6.959999999999896, 2.5534538116793692, 0.7478536006126029
6.969999999999896, 2.5629160418701527, 0.7557925810780526
6.979999999999896, 2.563239773925757, 0.7744738232004641
6.989999999999895, 2.5634861104923545, 0.7576269194521057
6.999999999999895, 2.5553163073676295, 0.729822839900343
7.009999999999895, 2.565237820717303, 0.7174950030063842
7.019999999999895, 2.5632245114002914, 0.6970131965027689
7.0299999999998946, 2.5728593864911558, 0.6981750234264215
7.039999999999894, 2.6114702372266576, 0.7188356072568143
7.049999999999894, 2.615540109091589, 0.718039744420079
7.059999999999894, 2.604317816594324, 0.7176295159091283
7.069999999999894, 2.6020338069895623, 0.7168855769460586
7.0799999999998935, 2.5898383685531217, 0.7205233374774843
7.089999999999893, 2.5725541911411285, 0.7487867857044322
7.099999999999893, 2.6017264698589657, 0.7411421123967027
7.109999999999893, 2.593561002982911, 0.7347228662059533
7.119999999999893, 2.5939214408425406, 0.7307378857530473
7.129999999999892, 2.590346055937999, 0.7001870569304482
7.139999999999892, 2.6179783434217274, 0.6905603923015293
7.149999999999892, 2.616114429845471, 0.6703746673180738
7.159999999999892, 2.6082087489094623, 0.7076874568707782
7.169999999999892, 2.609095238905955, 0.6979633542719229
7.179999999999891, 2.5926460661820827, 0.6518546907230196
7.189999999999891, 2.590940378052298, 0.6428392801378422
7.199999999999891, 2.6034521739048118, 0.6339124255938493
7.209999999999891, 2.638125220852629, 0.6211083006674845
7.2199999999998905, 2.636304105782229, 0.5978838806556477
7.22999999999989, 2.659956392970037, 0.609615663882188
7.23999999999989, 2.690867599415384, 0.6069269854187017
7.24999999999989, 2.7010828184037923, 0.6116482328243575
7.25999999999989, 2.6873509430616465, 0.6207037721139412
7.269999999999889, 2.6787814939877492, 0.6117394227917304
7.279999999999889, 2.7011421250008274, 0.6271087530117784
7.289999999999889, 2.6602017268617133, 0.5981645488632487
7.299999999999889, 2.6582744114185095, 0.6183951902655593
7.309999999999889, 2.64128206356566, 0.6225342366033263
7.319999999999888, 2.6447724803521915, 0.6228218036907475
7.329999999999888, 2.6216594268915947, 0.6606475915505315
7.339999999999888, 2.610649888071672, 0.668134691333126
7.349999999999888, 2.5900428077829427, 0.6482434905048159
7.3599999999998875, 2.5967191886432026, 0.6684571148114152
7.369999999999887, 2.6353405821900515, 0.675252396013402
7.379999999999887, 2.6358808227688395, 0.6657808168582486
7.389999999999887, 2.6523939039890734, 0.6852607388378789
7.399999999999887, 2.6816339787467878, 0.6972353629887202
7.4099999999998865, 2.652097914603343, 0.6508230436742424
7.419999999999886, 2.6399353446880767, 0.6385749450948872
7.429999999999886, 2.6375762799698195, 0.6213538030380531
7.439999999999886, 2.6176918410379293, 0.6342048439366831
7.449999999999886, 2.652670299714835, 0.6227666651972834
7.459999999999885, 2.6663234886211957, 0.5987810290514539
7.469999999999885, 2.6306225238354437, 0.55375765103411
7.479999999999885, 2.655633380532666, 0.5638082552453668
7.489999999999885, 2.6782499483902424, 0.568069406416218
7.4999999999998845, 2.7122460650598947, 0.5771407581239681
7.509999999999884, 2.710681072224608, 0.5388779458734986
7.519999999999884, 2.6938480689554614, 0.5581650609764287
7.529999999999884, 2.6852165681345923, 0.5619748658442942
7.539999999999884, 2.7076975803338437, 0.5756896150672334
7.5499999999998835, 2.690796801718737, 0.5529351438038382
7.559999999999883, 2.7088602110909785, 0.5737699458682906
7.569999999999883, 2.7366922115921457, 0.5355685583883469
7.579999999999883, 2.7707320829390603, 0.49138884571111313
7.589999999999883, 2.777633149650751, 0.4698122689278742
7.599999999999882, 2.787605097498452, 0.4605843713575656
7.609999999999882, 2.82275162496178, 0.4476653327147386
7.619999999999882, 2.8477220141416697, 0.42888895079709033
7.629999999999882, 2.8512399777048416, 0.3934588021394822
7.6399999999998816, 2.864217799611536, 0.3891339167115812
7.649999999999881, 2.864714216808964, 0.3649943012604694
7.659999999999881, 2.843835070715544, 0.3837526658335292
7.669999999999881, 2.836140567191724, 0.41229823065428217
7.679999999999881, 2.8660207796576165, 0.370605455101735
7.6899999999998805, 2.900347778779477, 0.3951575874245374
7.69999999999988, 2.880194454030792, 0.4109000598384358
7.70999999999988, 2.893227807822619, 0.4194126604836362
7.71999999999988, 2.909912140068078, 0.43721549164783474
7.72999999999988, 2.903416090127529, 0.4606433133348378
7.739999999999879, 2.924447043962181, 0.4816164317515686
7.749999999999879, 2.9257671546568442, 0.5048742718603961
7.759999999999879, 2.908929940820643, 0.49493387573366143
7.769999999999879, 2.8921260951972165, 0.47535706415202245
7.779999999999879, 2.9396542857398265, 0.46886448457109264
7.789999999999878, 2.9736610250251374, 0.47500695850337316
7.799999999999878, 2.9748151413305175, 0.48362786839683414
7.809999999999878, 2.9341013761061143, 0.48893110332060025
7.819999999999878, 2.9172865824886958, 0.4824662889809588
7.8299999999998775, 2.9521385399437516, 0.5139441383385526
7.839999999999877, 2.938772835260491, 0.5224416405868683
7.849999999999877, 2.9374708796230413, 0.5096681358289143
7.859999999999877, 2.9555717504525902, 0.48166924678156753
7.869999999999877, 2.9766498224391005, 0.46091444715162583
7.879999999999876, 3.004561631620643, 0.501847160012127
7.889999999999876, 3.0192921535230592, 0.4861861356925502
7.899999999999876, 3.0176875007074466, 0.4652571152874027
7.909999999999876, 3.000738205972663, 0.47028108350297615
7.919999999999876, 3.014497830628985, 0.46436096933907056
7.929999999999875, 3.0008153667161697, 0.4521901518323735
7.939999999999875, 3.0019322712138656, 0.45079377744409604
7.949999999999875, 2.9918075870008187, 0.443450000405342
7.959999999999875, 2.977790830931601, 0.41857808857804873
7.9699999999998745, 2.9942568120991435, 0.4120578963079446
7.979999999999874, 3.012415570658276, 0.430972433568031
7.989999999999874, 2.9983845999340497, 0.4236102853691255
7.999999999999874, 2.9861495947605614, 0.4221208953817558
8.009999999999874, 2.9889706857789133, 0.4181962749470646
8.019999999999873, 2.9938216042241166, 0.4100358624667001
8.029999999999873, 3.0112602696403816, 0.4240378584914593
8.039999999999873, 2.9964470128795724, 0.4073087500424179
8.049999999999873, 2.98237461569573, 0.37674095991945084
8.059999999999873, 3.0202517966544162, 0.37104204509706734
8.069999999999872, 3.0363801818695255, 0.39573706392688834
8.079999999999872, 3.0934052666094622, 0.39935801439306784
8.089999999999872, 3.138775906409822, 0.42651211254542953
8.099999999999872, 3.130216411946067, 0.4315612090198946
8.109999999999872, 3.1401516231331086, 0.4414621147942217
8.119999999999871, 3.1708335494974986, 0.4324958364583005
8.129999999999871, 3.168644355996092, 0.46537115894589937
8.139999999999871, 3.1833583002120407, 0.44185662313206453
8.14999999999987, 3.1672733164419657, 0.4644133020827042
8.15999999999987, 3.2071185168941385, 0.4866820640883473
8.16999999999987, 3.2350363417669747, 0.4858008255909679
8.17999999999987, 3.265135553164966, 0.4645062316762931
8.18999999999987, 3.2513720128289902, 0.47411140218986514
8.19999999999987, 3.256095163556269, 0.45687582294781026
8.20999999999987, 3.2530057794124563, 0.4537144462832936
8.21999999999987, 3.2687060944911916, 0.4268339547308041
8.229999999999869, 3.2543586742844073, 0.4349028620600271
8.239999999999869, 3.2769456304538145, 0.4505975564586965
8.249999999999869, 3.25389772497714, 0.43280776538034593
8.259999999999868, 3.2182411466700733, 0.4030750700312789
8.269999999999868, 3.2012813584198425, 0.3880737746551058
8.279999999999868, 3.1842793212241967, 0.3778614645561425
8.289999999999868, 3.1550508786419993, 0.3556703141385958
8.299999999999867, 3.137948294561106, 0.3378428219130661
8.309999999999867, 3.1422062487978297, 0.3247607753906679
8.319999999999867, 3.152224481619903, 0.3203609968118983
8.329999999999867, 3.172926625840459, 0.3085388958912565
8.339999999999867, 3.155638027087057, 0.31763581629027077
8.349999999999866, 3.145334998348458, 0.3291239047483781
8.359999999999866, 3.119097248336865, 0.30667660077920533
8.369999999999866, 3.135642304665286, 0.34011891974191155
8.379999999999866, 3.1362085144233784, 0.3519277033721623
8.389999999999866, 3.124070429413273, 0.3500249635893733
8.399999999999865, 3.118132055898208, 0.3425741929775542
8.409999999999865, 3.1341162366663613, 0.32478782292910435
8.419999999999865, 3.1371038078376716, 0.296160092695285
8.429999999999865, 3.1645465386175733, 0.3219550867180308
8.439999999999864, 3.1822441627351945, 0.34440004306370536
8.449999999999864, 3.215969002165937, 0.3249655095906057
8.459999999999864, 3.204774522629004, 0.3121006241229858
8.469999999999864, 3.2029816292497437, 0.2962208963026559
8.479999999999864, 3.203308705612562, 0.29455978897167046
8.489999999999863, 3.204039153981486, 0.3146637715645865
8.499999999999863, 3.2150593838192254, 0.34053523826131665
8.509999999999863, 3.2180045508676174, 0.35383684098871376
8.519999999999863, 3.1946663769044084, 0.38802140251469747
8.529999999999863, 3.1753443128563736, 0.3787002667437446
8.539999999999862, 3.1932449984791162, 0.3913048994442529
8.549999999999862, 3.1788323548165986, 0.4026108968401078
8.559999999999862, 3.17657134828954, 0.4123422198461023
8.569999999999862, 3.1647531743166373, 0.4018996655862318
8.579999999999862, 3.1719439027465404, 0.41160370949334607
8.589999999999861, 3.1772258570057526, 0.4350274655950532
8.599999999999861, 3.229005692928287, 0.40508992661785775
8.60999999999986, 3.2457949067917844, 0.402735326878387
8.61999999999986, 3.250353992906755, 0.39073030031127076
8.62999999999986, 3.254699208498303, 0.3879234673647732
8.63999999999986, 3.252990479373474, 0.3872678121625666
8.64999999999986, 3.269701974429809, 0.3825619509809809
8.65999999999986, 3.292090668157926, 0.4349467250492437
8.66999999999986, 3.296055919561804, 0.4450442956847316
8.67999999999986, 3.292930996857132, 0.47798573381700327
8.68999999999986, 3.2732148505367116, 0.484783262544824
8.699999999999859, 3.2783634500966636, 0.4602656818985584
8.709999999999859, 3.3224982475861227, 0.4711225530875694
8.719999999999859, 3.30893615710216, 0.48183903013293317
8.729999999999858, 3.3076549474244374, 0.48459616885592355
8.739999999999858, 3.3244864431827352, 0.4579410943636404
8.749999999999858, 3.3344380732456465, 0.45598523562362386
8.759999999999858, 3.3512183629649455, 0.4646844153546403
8.769999999999857, 3.3655431865286785, 0.44677263681778856
8.779999999999857, 3.3547260708807665, 0.42832168227837125
8.789999999999857, 3.3846620008422956, 0.43527465867946097
8.799999999999857, 3.410118251960679, 0.4499836547923357
8.809999999999857, 3.380988660922579, 0.4349873664307592
8.819999999999856, 3.3792461540823853, 0.42000568740548666
8.829999999999856, 3.3383156938861664, 0.43274412837217624
8.839999999999856, 3.3730481669362185, 0.4245651582786341
8.849999999999856, 3.3713765984898703, 0.4410346475462374
8.859999999999856, 3.400329286775544, 0.43286615384502397
8.869999999999855, 3.413462650837544, 0.4147393358626179
8.879999999999855, 3.4256100334442023, 0.4438882133651992
8.889999999999855, 3.4369742051737875, 0.428911819570448
8.899999999999855, 3.488538026788136, 0.44110538547032335
8.909999999999854, 3.505082364183686, 0.4235434890683816
8.919999999999854, 3.526814320409852, 0.40270114067250623
8.929999999999854, 3.5396338935357377, 0.394340080597391
8.939999999999854, 3.5317835069949135, 0.38955360084116214
8.949999999999854, 3.5377094294304605, 0.4165512684885714
8.959999999999853, 3.546402920585927, 0.4737749276965137
8.969999999999853, 3.5307545789485233, 0.44966969565862386
8.979999999999853, 3.5395509450483926, 0.44948016237775035
8.989999999999853, 3.5195542941018356, 0.45245128703695237
8.999999999999853, 3.559847789018654, 0.4637863912992944
9.009999999999852, 3.6033916002648656, 0.4923822904509981
9.019999999999852, 3.634450765814895, 0.5432213440931642
9.029999999999852, 3.6610395312641772, 0.5762899457999888
9.039999999999852, 3.684785346593408, 0.5690012278044793
9.049999999999851, 3.696224209432769, 0.5891967411254392
9.059999999999851, 3.682027110693111, 0.5527267324822172
9.069999999999851, 3.7067748153721047, 0.5384825613821677
9.07999999999985, 3.7063580226639146, 0.5480534832793935
9.08999999999985, 3.746070774093241, 0.5434624146212269
9.09999999999985, 3.7538882883990916, 0.5654037685657098
9.10999999999985, 3.745148834740675, 0.5779957614180481
9.11999999999985, 3.761672443918765, 0.6112897435990173
9.12999999999985, 3.7747198459759157, 0.60839736860667
9.13999999999985, 3.7997258407409173, 0.5916301486204069
9.14999999999985, 3.807620821361872, 0.6120749624111771
9.15999999999985, 3.8037228295011865, 0.6214184472766541
9.169999999999849, 3.8338104132417903, 0.5977477710005099
9.179999999999849, 3.8321149054750645, 0.6222100657894022
9.189999999999849, 3.885458938341253, 0.6605155413672463
9.199999999999848, 3.910406839462686, 0.6516360718197791
9.209999999999848, 3.8760681058757758, 0.6454956267116846
9.219999999999848, 3.864619755461613, 0.6576875016254096
9.229999999999848, 3.872774318284405, 0.6607950702027986
9.239999999999847, 3.8956162748090186, 0.676504477534355
9.249999999999847, 3.8714674845204575, 0.6617561915505942
9.259999999999847, 3.892018304763605, 0.6494838223435618
9.269999999999847, 3.9094700817014756, 0.6522890079785254
9.279999999999847, 3.922257867521562, 0.6350235869356899
9.289999999999846, 3.9177246436232522, 0.6386656462572771
9.299999999999846, 3.9513094748285904, 0.6153063861174247
9.309999999999846, 3.9468618636272734, 0.6282803224780847
9.319999999999846, 3.929548144533766, 0.6379034116948419
9.329999999999846, 3.9203125485074164, 0.6957718155224938
9.339999999999845, 3.944685347874164, 0.734214691463609
9.349999999999845, 3.9405292068614193, 0.7107721345528175
9.359999999999845, 3.916011790452286, 0.7250634911781413
9.369999999999845, 3.8878942309501956, 0.752586557576682
9.379999999999844, 3.89768001871675, 0.7351443567617846
9.389999999999844, 3.920548990741351, 0.7399730306846152
9.399999999999844, 3.9329906878409298, 0.7793249690300129
9.409999999999844, 3.9205203115712184, 0.7591034824327755
9.419999999999844, 3.914108809945678, 0.7639661106033223
9.429999999999843, 3.934070621077699, 0.7667199662991713
9.439999999999843, 3.945122700264586, 0.7432236863210745
9.449999999999843, 3.9585848036974074, 0.7500904820827734
9.459999999999843, 3.941294164019568, 0.7543977585938451
9.469999999999843, 3.924297556842651, 0.7132314568565365
9.479999999999842, 3.9117234714341276, 0.6959502044235728
9.489999999999842, 3.93025899197229, 0.6764881623061753
9.499999999999842, 3.9637803277636796, 0.7150347370757513
9.509999999999842, 3.9686380779955757, 0.7357437950147455
9.519999999999841, 3.9618498892124205, 0.7529764676379064
9.529999999999841, 3.9954020489628563, 0.7663997321291179
9.539999999999841, 3.9821831672967143, 0.7523046642035707
9.54999999999984, 3.9899382117143483, 0.7327946577703296
9.55999999999984, 3.972554760609532, 0.7723100378485932
9.56999999999984, 3.963331493156526, 0.7428827872699023
9.57999999999984, 3.9562864616326494, 0.701777370447079
9.58999999999984, 3.9493123101432, 0.6997376198855147
9.59999999999984, 3.9354895211070153, 0.6801931850746342
9.60999999999984, 3.9183536352421284, 0.6901517104543848
9.61999999999984, 3.944135105288816, 0.7204038835709571
9.62999999999984, 3.933068300033864, 0.7598279734716601
9.639999999999839, 3.9505191219681883, 0.7726563266742752
9.649999999999839, 3.9927664444267426, 0.7755347167965687
9.659999999999838, 3.9880411133771894, 0.7884913441965173
9.669999999999838, 3.992502300986379, 0.7889699755454856
9.679999999999838, 4.021807576141225, 0.806695732358081
9.689999999999838, 4.0123066203002855, 0.7987835860817298
9.699999999999838, 4.005349997356398, 0.8240606463546432
9.709999999999837, 3.9767819619652323, 0.8340699936575101
9.719999999999837, 4.001547085747306, 0.8106201382426536
9.729999999999837, 4.031152286015695, 0.8029449061452252
9.739999999999837, 4.0093021855064945, 0.8282604487204764
9.749999999999837, 3.9894736608429286, 0.8579929467009705
9.759999999999836, 3.9941051552004216, 0.8499628128248172
9.769999999999836, 4.005626342466577, 0.86764358707078
9.779999999999836, 3.991578941851102, 0.886034973938777
9.789999999999836, 4.0089395325434065, 0.9146477322540736
9.799999999999836, 4.00896349883904, 0.9023266205848429
9.809999999999835, 3.9959759162953308, 0.9367603754801344
9.819999999999835, 3.9765425708979754, 0.9371536333105737
9.829999999999835, 4.015670525017364, 0.9268902742837487
9.839999999999835, 4.0382032869585, 0.9073192464117944
9.849999999999834, 4.053677229721186, 0.8972625913643778
9.859999999999834, 4.0345442757858665, 0.9139027337732855
9.869999999999834, 4.015426354945812, 0.9316339444131422
9.879999999999834, 4.003738885334444, 0.9459210140219798
9.889999999999834, 4.01545155889446, 0.9251275569474177
9.899999999999833, 4.010960161258459, 0.9380170908607841
9.909999999999833, 4.0397063399992685, 0.9686249063972814
9.919999999999833, 4.081788417335164, 0.9797412295481293
9.929999999999833, 4.134247407037919, 1.0236084038522582
9.939999999999833, 4.1327635880295714, 1.0158225071714098
9.949999999999832, 4.12744015261683, 1.0367231756151383
9.959999999999832, 4.140123868065349, 1.0167943902027354
9.969999999999832, 4.1476753719865815, 1.07488916123144
9.979999999999832, 4.155283286053604, 1.0690127974512544
9.989999999999831, 4.132110281884353, 1.0485379151279526
9.999999999999831, 4.107324611042125, 1.0720884117356064
10.009999999999831, 4.117773562969356, 1.0786863111788654
10.01999999999983, 4.113071752059306, 1.0597591068947243
10.02999999999983, 4.1033990499770105, 1.0531659383213814
10.03999999999983, 4.102963067456727, 1.0839364476875002
10.04999999999983, 4.110559296209551, 1.1132698196439113
10.05999999999983, 4.128610874379141, 1.1273031619474874
10.06999999999983, 4.087166477368957, 1.1197166667298752
10.07999999999983, 4.10677220199079, 1.1162442946722972
10.08999999999983, 4.095425124979376, 1.1083111055706476
10.09999999999983, 4.119958019664817, 1.1148358097644597
10.109999999999829, 4.165980639487654, 1.1107686722231762
10.119999999999829, 4.147906173675398, 1.14958108561295
10.129999999999828, 4.140598032399126, 1.153012279510023
10.139999999999828, 4.132863589444874, 1.133772576935087
10.149999999999828, 4.125159507107776, 1.1346960717109955
10.159999999999828, 4.133193310616445, 1.1733740746116545
10.169999999999828, 4.149954770710034, 1.1613506878320576
10.179999999999827, 4.156410399812072, 1.1773646351932106
10.189999999999827, 4.190219168615657, 1.1633873745438688
10.199999999999827, 4.164721849737848, 1.12768351177079
10.209999999999827, 4.176527480621407, 1.1565793859021507
10.219999999999827, 4.166192976879281, 1.166797661573107
10.229999999999826, 4.148106300861723, 1.2014623631490522
10.239999999999826, 4.1384773147526035, 1.2143647355713796
10.249999999999826, 4.125201595008033, 1.2213458655163691
10.259999999999826, 4.132192684466275, 1.2309337321269067
10.269999999999825, 4.120338562058988, 1.22423081537871
10.279999999999825, 4.09595647543054, 1.215444525612226
10.289999999999825, 4.13067235263753, 1.2306614121203754
10.299999999999825, 4.160335046787629, 1.2335713917136182
10.309999999999825, 4.157727614742314, 1.2476594815833446
10.319999999999824, 4.1401993236317844, 1.2661593044535144
10.329999999999824, 4.148555373995189, 1.2669581586171357
10.339999999999824, 4.123244212506748, 1.2590063555783524
10.349999999999824, 4.1294803190766345, 1.24781577335387
10.359999999999824, 4.105083605919739, 1.230555029260733
10.369999999999823, 4.095930013049437, 1.2269931733319983
10.379999999999823, 4.103561102783522, 1.2273150636616506
10.389999999999823, 4.057682811982347, 1.2406508042968507
10.399999999999823, 4.037084822625608, 1.2567126087983078
10.409999999999823, 4.062583160265294, 1.2909552699786737
10.419999999999822, 4.1100992136871435, 1.321132217462519
10.429999999999822, 4.093622214987313, 1.303611228680865
10.439999999999822, 4.083299213757607, 1.2945162084670794
10.449999999999822, 4.10839814370232, 1.2678571321923244
10.459999999999821, 4.113344878619253, 1.2616114124036273
10.469999999999821, 4.143068186613019, 1.2890049876894425
10.479999999999821, 4.1765624106980175, 1.293149663666439
10.48999999999982, 4.160760442525993, 1.2855730507605168
10.49999999999982, 4.141519099447481, 1.2906278053928324
10.50999999999982, 4.10056080598158, 1.2934944464223448
10.51999999999982, 4.125425554229788, 1.3208569280652658
10.52999999999982, 4.141540528603946, 1.3349981236203383
10.53999999999982, 4.141547886933081, 1.3207348202005185
10.54999999999982, 4.175300820694239, 1.3378680710669215
10.55999999999982, 4.187723948844111, 1.3764413945347247
10.569999999999819, 4.195873798415041, 1.3558026901193
10.579999999999819, 4.185828143193713, 1.4073783148447265
10.589999999999819, 4.192836892160327, 1.398611502426261
10.599999999999818, 4.1729358135788255, 1.4019397017181123
10.609999999999818, 4.195710790691279, 1.39987321757403
10.619999999999818, 4.191332380597346, 1.3954515675427195
10.629999999999818, 4.171939680673471, 1.4392704534271084
10.639999999999818, 4.152753244381397, 1.4738497511951616
10.649999999999817, 4.128812812621536, 1.511891574744008
10.659999999999817, 4.121718841118918, 1.509114496224616
10.669999999999817, 4.113958018418794, 1.5328834869616992
10.679999999999817, 4.112542660449967, 1.5433424507422915
10.689999999999817, 4.106097722729454, 1.5199705145704534
10.699999999999816, 4.115942128379099, 1.4932471955536653
10.709999999999816, 4.129073386490914, 1.4939081005786965
10.719999999999816, 4.173044575398927, 1.5034237557298855
10.729999999999816, 4.156042330400324, 1.49507480225413
10.739999999999815, 4.1599011481312145, 1.4771636937098063
10.749999999999815, 4.118973077864723, 1.4519573489376234
10.759999999999815, 4.10799640728842, 1.4617192714637788
10.769999999999815, 4.146673271269881, 1.4388586369847016
10.779999999999815, 4.147305150645632, 1.4457277055640922
10.789999999999814, 4.1503689336090845, 1.4264789527327606
10.799999999999814, 4.130347664415681, 1.421607715944923
10.809999999999814, 4.146294336897635, 1.449894363644237
10.819999999999814, 4.129184164880273, 1.450863130186134
10.829999999999814, 4.150019562205751, 1.4341877330703787
10.839999999999813, 4.130012129907237, 1.4459966763900733
10.849999999999813, 4.100725595817857, 1.4171461255837934
10.859999999999813, 4.086680416365036, 1.4363913811752453
10.869999999999813, 4.104516496098521, 1.4583737635150755
10.879999999999812, 4.1391407100497215, 1.4699590894224852
10.889999999999812, 4.155163946338756, 1.4675744166241782
10.899999999999812, 4.178685320761975, 1.4425853697833668
10.909999999999812, 4.167665167717773, 1.4354917429206455
10.919999999999812, 4.170701095564347, 1.4344321275205025
10.929999999999811, 4.201113333595085, 1.445485864111409
10.939999999999811, 4.215535393149342, 1.4496885114598792
10.949999999999811, 4.250409533155108, 1.4914430209022713
10.95999999999981, 4.253835990143837, 1.5022637369042304
10.96999999999981, 4.2712319506049585, 1.5142837123969284
10.97999999999981, 4.274317129905822, 1.5306805631515459
10.98999999999981, 4.278695842884335, 1.5181110737568708
10.99999999999981, 4.258180346373246, 1.5561248988220908
11.00999999999981, 4.280569794317546, 1.5684638662640253
11.01999999999981, 4.254549054057127, 1.5652451487009316
11.02999999999981, 4.231419841988776, 1.5756646191034678
11.039999999999809, 4.217764616498175, 1.565260671547619
11.049999999999809, 4.227639505178179, 1.5927407940227376
11.059999999999809, 4.250082299885988, 1.584332157199547
11.069999999999808, 4.265715481448519, 1.594599186499703
11.079999999999808, 4.283243326335908, 1.5865898827175937
11.089999999999808, 4.260205231547651, 1.6106601815034578
11.099999999999808, 4.240991375555667, 1.5840930322652376
11.109999999999808, 4.224848446081065, 1.5814689997943325
11.119999999999807, 4.2503600110718205, 1.5759819189534714
11.129999999999807, 4.267194204655009, 1.5672384891711915
11.139999999999807, 4.2846866252647855, 1.553406582320026
11.149999999999807, 4.309572260991433, 1.5810650581623618
11.159999999999807, 4.35361490019122, 1.5454742428888073
11.169999999999806, 4.382495404898557, 1.5361909088321581
11.179999999999806, 4.410188257730913, 1.531424633153855
11.189999999999806, 4.426198513873864, 1.5239482759044107
11.199999999999806, 4.39690856307714, 1.5529019339423782
11.209999999999805, 4.383167373033728, 1.5643183074028588
11.219999999999805, 4.395714281497348, 1.5563466418114154
11.229999999999805, 4.3787161757893065, 1.530971693318688
11.239999999999805, 4.337787167682361, 1.4990185559603062
11.249999999999805, 4.325632531367149, 1.4847562225901234
11.259999999999804, 4.34107411897324, 1.4530478254666268
11.269999999999804, 4.354540435201719, 1.4411717090133458
11.279999999999804, 4.412399447146713, 1.3950353311273065
11.289999999999804, 4.4019097095011475, 1.4249449366342701
11.299999999999804, 4.3983531769693975, 1.4297426127912007
11.309999999999803, 4.449706035395372, 1.4471650714365272
11.319999999999803, 4.470314489057665, 1.4333481657301694
11.329999999999803, 4.446834128643909, 1.4323439414622936
11.339999999999803, 4.442538413149622, 1.4104094438369446
11.349999999999802, 4.45957460288805, 1.3981300324161603
11.359999999999802, 4.451336993448907, 1.3966393518899411
11.369999999999802, 4.448566373872964, 1.398680275829325
11.379999999999802, 4.482797998967651, 1.3795707160230444
11.389999999999802, 4.475735616032023, 1.3853330279720562
11.399999999999801, 4.449135375147894, 1.3819813165099193
11.409999999999801, 4.444482170067326, 1.3756480149183463
11.419999999999801, 4.462582133331114, 1.3636267844481291
11.4299999999998, 4.475139892568973, 1.350692856761489
11.4399999999998, 4.5218598248285975, 1.317235739398296
11.4499999999998, 4.513227606070386, 1.2945443139100385
11.4599999999998, 4.534651294186002, 1.2957713608537256
11.4699999999998, 4.537167503912496, 1.283341068888723
11.4799999999998, 4.56387267922765, 1.2779388341448883
11.4899999999998, 4.567136786517795, 1.2686413973523605
11.4999999999998, 4.6047641652209, 1.2360833487558849
11.509999999999799, 4.604022289399929, 1.260818723275114
11.519999999999799, 4.616888589597924, 1.2737431486856523
11.529999999999799, 4.645068028059612, 1.2691098384178772
11.539999999999798, 4.660423848875101, 1.2774342833341132
11.549999999999798, 4.6939928210022055, 1.268572501671756
11.559999999999798, 4.680490482351587, 1.2912309806952111
11.569999999999798, 4.669173514420055, 1.3024237217477455
11.579999999999798, 4.670953336413503, 1.3380371429730729
11.589999999999797, 4.6743334830747285, 1.3514405797247921
11.599999999999797, 4.67818551849149, 1.3867972430936708
11.609999999999797, 4.693882561018699, 1.3732176725495915
11.619999999999797, 4.7217048912753805, 1.382244280341492
11.629999999999797, 4.718761045020468, 1.3769778376114699
11.639999999999796, 4.713677164354833, 1.3600267315849974
11.649999999999796, 4.719607695580275, 1.400705110245407
11.659999999999796, 4.737212371901824, 1.3977851080300554
11.669999999999796, 4.763971060738283, 1.3924732306071843
11.679999999999795, 4.779515951889339, 1.3993831760255666
11.689999999999795, 4.806012566989217, 1.3840635885340271
11.699999999999795, 4.790143990416168, 1.4391868186723422
11.709999999999795, 4.806543312885941, 1.4395124396288375
11.719999999999795, 4.819983351417293, 1.4710526870369092
11.729999999999794, 4.819762452483176, 1.4441845789943155
11.739999999999794, 4.857362774804262, 1.4539071048443355
11.749999999999794, 4.865935037575653, 1.4784888454467768
11.759999999999794, 4.894309040838903, 1.4672564732320998
11.769999999999794, 4.917842690026191, 1.440943801275582
11.779999999999793, 4.902246755635807, 1.441416390617481
11.789999999999793, 4.91929336567066, 1.4527831177538235
11.799999999999793, 4.922090571630472, 1.4543785367318331
11.809999999999793, 4.910614524964614, 1.4523341563183096
11.819999999999792, 4.897175545609513, 1.437585557966427
11.829999999999792, 4.889741135404144, 1.424695900975965
11.839999999999792, 4.883846714759774, 1.439864816571614
11.849999999999792, 4.8791356806527615, 1.4436348152429272
11.859999999999792, 4.871215434556777, 1.45618464660079
11.869999999999791, 4.88600478566514, 1.4513429481584996
11.879999999999791, 4.883145840584305, 1.4490497608766006
11.889999999999791, 4.909479044149107, 1.4708793793437183
11.89999999999979, 4.88820424213066, 1.4749613630037122
11.90999999999979, 4.912401787212, 1.4693896109720157
11.91999999999979, 4.91537395023256, 1.4888596439301833
11.92999999999979, 4.907597564857462, 1.4863940888752059
11.93999999999979, 4.917686238144841, 1.541248137263535
11.94999999999979, 4.9641836330147076, 1.5505480356294778
11.95999999999979, 4.976298412534617, 1.5350656958077127
11.96999999999979, 4.973595429248178, 1.5363672375653257
11.979999999999789, 4.988456850658058, 1.5608096289751876
11.989999999999789, 4.972962227085278, 1.5698421545883106
11.999999999999789, 4.9600024313772915, 1.5521264028533497
12.009999999999788, 4.983874093425847, 1.5340646934966762
12.019999999999788, 4.989704486754053, 1.544043245967485
12.029999999999788, 4.967970609128311, 1.5662328019175678
12.039999999999788, 5.025158516823013, 1.5754575643565278
12.049999999999788, 4.98823287128802, 1.5852439979660944
12.059999999999787, 5.015242891983653, 1.6102341024459845
12.069999999999787, 4.994618853096673, 1.6458209951084528
12.079999999999787, 5.012218507349608, 1.6176984692886962
12.089999999999787, 5.015065831905456, 1.611602947909349
12.099999999999786, 5.000424182181088, 1.606025705642219
12.109999999999786, 4.991953968598389, 1.5953677243535869
12.119999999999786, 4.968085325010285, 1.5838388395456333
12.129999999999786, 4.96147154750447, 1.5805143524777028
12.139999999999786, 4.967442240040012, 1.5809982078387756
12.149999999999785, 4.9673863862959005, 1.573737994658702
12.159999999999785, 4.973258596152741, 1.5742182591594998
12.169999999999785, 4.949219119542287, 1.5685910970813923
12.179999999999785, 4.992411748344949, 1.6034056997205497
12.189999999999785, 4.989742791645588, 1.6090365782953844
12.199999999999784, 5.018014863916667, 1.6145381614372398
12.209999999999784, 5.010809626127565, 1.6620466497148747
12.219999999999784, 5.011286546926118, 1.6803833865448108
12.229999999999784, 5.009531903444809, 1.6933126899421873
12.239999999999783, 5.0400543524539705, 1.6763851120811273
12.249999999999783, 5.026316985828046, 1.6301420989457984
12.259999999999783, 5.021455895066274, 1.6264406270086778
12.269999999999783, 5.024015015597797, 1.6264709540917246
12.279999999999783, 5.051247974226187, 1.6179910315989665
12.289999999999782, 5.024312375324228, 1.6278044436621975
12.299999999999782, 5.01968385526575, 1.626908003454245
12.309999999999782, 5.029536988263572, 1.6439578214127106
12.319999999999782, 5.017233468553134, 1.6039356199786303
12.329999999999782, 5.017660005184016, 1.5914266923814495
12.339999999999781, 5.0570795827120785, 1.5751201004615405
12.349999999999781, 5.086304626888995, 1.5527963214168363
12.359999999999781, 5.07859882090315, 1.5570106130429147
12.36999999999978, 5.1133714106231505, 1.5983226190468656
12.37999999999978, 5.1179710900800615, 1.6225801883441313
12.38999999999978, 5.09434667265803, 1.6253143651716582
12.39999999999978, 5.088056999015413, 1.6058951268559856
12.40999999999978, 5.110180544568639, 1.6083135410567306
12.41999999999978, 5.089897003967134, 1.5783563510260528
12.42999999999978, 5.119157748084376, 1.6028241501246752
12.43999999999978, 5.1355309982692985, 1.565966315431785
12.449999999999779, 5.128729816631665, 1.5409852531752257
12.459999999999779, 5.175871508885976, 1.5601130263546517
12.469999999999779, 5.1878385889196945, 1.5592969010919282
12.479999999999778, 5.204152444952469, 1.5641925880008885
12.489999999999778, 5.216316675636173, 1.556600418148176
12.499999999999778, 5.250634104676602, 1.5530075061035797
12.509999999999778, 5.28523355549938, 1.5670548538443254
12.519999999999778, 5.302174615767468, 1.5501308473226907
12.529999999999777, 5.291827255482223, 1.5516931631137274
12.539999999999777, 5.289545693459443, 1.5630960679997556
12.549999999999777, 5.262983159543361, 1.5481059753740747
12.559999999999777, 5.226832122667271, 1.5518371314290684
12.569999999999776, 5.206579901072116, 1.575795144495947
12.579999999999776, 5.189945503507799, 1.5885266217737566
12.589999999999776, 5.169026730088217, 1.5811180423733857
12.599999999999776, 5.1963792013630705, 1.567104821952368
12.609999999999776, 5.2062068227480465, 1.544292729302024
12.619999999999775, 5.206577027178758, 1.5632473031446603
12.629999999999775, 5.199703082495235, 1.5535119802808508
12.639999999999775, 5.206085890170079, 1.531957455214399
12.649999999999775, 5.215616879001332, 1.5044774677512573
12.659999999999775, 5.216428873158585, 1.4864232853645338
12.669999999999774, 5.229280336427029, 1.4558122448140352
12.679999999999774, 5.235912174769924, 1.4498133427856628
12.689999999999774, 5.236576978303472, 1.4585919362705246
12.699999999999774, 5.234827319016075, 1.4377656777778367
12.709999999999773, 5.248443957780008, 1.4677221124420652
12.719999999999773, 5.236419720175073, 1.440660127511397
12.729999999999773, 5.237519276920563, 1.440723432410995
12.739999999999773, 5.272462988735209, 1.4355185958578527
12.749999999999773, 5.262326250112931, 1.4436481762375146
12.759999999999772, 5.260597295725362, 1.4633524467424301
12.769999999999772, 5.243481075319484, 1.4822129972150473
12.779999999999772, 5.247865340274956, 1.4632863061516208
12.789999999999772, 5.252133330212183, 1.4832067056333929
12.799999999999772, 5.250498030081431, 1.5203788682024473
12.809999999999771, 5.2484419611339925, 1.5538342379231023
12.819999999999771, 5.263601659760319, 1.5331393532909428
12.829999999999771, 5.2699608802275915, 1.5054604515720922
12.83999999999977, 5.282704418368386, 1.5204377670654101
12.84999999999977, 5.340468490329696, 1.5307159740447551
12.85999999999977, 5.353021968557839, 1.49658901454546
12.86999999999977, 5.353397182792328, 1.5168109085582597
12.87999999999977, 5.31722499244523, 1.4650667040161693
12.88999999999977, 5.322247147825845, 1.4349587335408018
12.89999999999977, 5.366135006016944, 1.4281566001329171
12.90999999999977, 5.382674241197923, 1.443611591680907
12.919999999999769, 5.380182738257606, 1.446544397893918
12.929999999999769, 5.366071497944773, 1.4102430890228397
12.939999999999769, 5.379674686247262, 1.4134750324191976
12.949999999999768, 5.393257715711627, 1.3892016542473744
12.959999999999768, 5.418674764284167, 1.3503996289615514
12.969999999999768, 5.414469297584646, 1.3242302489047386
12.979999999999768, 5.428771295853817, 1.2960915082470772
12.989999999999768, 5.418027688963204, 1.3062506707795525
12.999999999999767, 5.422562043238303, 1.3008265197854618
13.009999999999767, 5.451609673802909, 1.2883611650049456
13.019999999999767, 5.470392750355982, 1.293650055040276
13.029999999999767, 5.475757458445004, 1.294985229162343
13.039999999999766, 5.459693368639263, 1.2978276399823272
13.049999999999766, 5.4637272950343485, 1.2794257809343887
13.059999999999766, 5.521993710739729, 1.2567527412679258
13.069999999999766, 5.535840056831709, 1.2369237055734685
13.079999999999766, 5.580006970141512, 1.2360516677103381
13.089999999999765, 5.585156241582468, 1.286595640092484
13.099999999999765, 5.610171570881129, 1.2741287454336683
13.109999999999765, 5.603841277004572, 1.2760205441837462
13.119999999999765, 5.600772177240342, 1.3116663030874274
13.129999999999765, 5.64054140576587, 1.2927486126120675
13.139999999999764, 5.623649475800037, 1.2891956124339417
13.149999999999764, 5.621481555546034, 1.2600667850995912
13.159999999999764, 5.613893311071421, 1.2694823173859366
13.169999999999764, 5.617187192667062, 1.249370866148314
13.179999999999763, 5.600384547724657, 1.2583308677899951
13.189999999999763, 5.6037283139646386, 1.2943342123869817
13.199999999999763, 5.61700557206568, 1.309214974073408
13.209999999999763, 5.621648072763104, 1.3351754325650749
13.219999999999763, 5.679731178299638, 1.360285725786215
13.229999999999762, 5.680195044665143, 1.3972346998708256
13.239999999999762, 5.662654023571907, 1.38376423774463
13.249999999999762, 5.663293176834312, 1.3538465193140752
13.259999999999762, 5.653241385622177, 1.3471649002037334
13.269999999999762, 5.662946021658283, 1.32326934232963
13.279999999999761, 5.714604363687691, 1.326049609450676
13.289999999999761, 5.7243359621265135, 1.3440212827908256
13.299999999999761, 5.740745321160925, 1.3809924815104277
13.30999999999976, 5.731306440771231, 1.3821078494807786
13.31999999999976, 5.73383113102077, 1.3298853736262872
13.32999999999976, 5.7236047847180815, 1.3503109761716918
13.33999999999976, 5.762040999438128, 1.342927255212263
13.34999999999976, 5.789524489705084, 1.3420184854240833
13.35999999999976, 5.799240593068082, 1.3545840606548862
13.36999999999976, 5.790750172317024, 1.3343087819886779
13.37999999999976, 5.801696894341468, 1.3278905164980912
13.389999999999759, 5.808045764554489, 1.3313312823800152
13.399999999999759, 5.8515819368594375, 1.372051176583036
13.409999999999759, 5.866715334184743, 1.3979525184769832
13.419999999999758, 5.902986031960308, 1.4191915300500573
13.429999999999758, 5.913696318201521, 1.418098622458835
13.439999999999758, 5.907768797753478, 1.393285328089062
13.449999999999758, 5.934201756771208, 1.3948202698801353
13.459999999999757, 5.9255468105766536, 1.3910631627841057
13.469999999999757, 5.922150128001085, 1.3898352949901145
13.479999999999757, 5.9307646425619325, 1.4004651394666947
13.489999999999757, 5.909300869282262, 1.3714605829564315
13.499999999999757, 5.8892848391161, 1.388121637249288
13.509999999999756, 5.891680142902556, 1.3508855813951244
13.519999999999756, 5.875299591090041, 1.327736727549162
13.529999999999756, 5.877764628329902, 1.367345524359035
13.539999999999756, 5.87673818486757, 1.3571093267400456
13.549999999999756, 5.873310065244053, 1.3490156653280234
13.559999999999755, 5.895383553953497, 1.3587602693116814
13.569999999999755, 5.878694773539675, 1.348670781414734
13.579999999999755, 5.916763913637592, 1.3460086619063067
13.589999999999755, 5.919158065048255, 1.330497260466139
13.599999999999755, 5.897694392103889, 1.344773247748766
13.609999999999754, 5.896901021749522, 1.3538749327511015
13.619999999999754, 5.8888564394914775, 1.3410966889050409
13.629999999999754, 5.899523333650811, 1.3112227839717108
13.639999999999754, 5.932418359394617, 1.3287220784992342
13.649999999999753, 5.9162763066596735, 1.3187171359925942
13.659999999999753, 5.944563080335267, 1.3097067723895575
13.669999999999753, 5.940364907184264, 1.2768752554526657
13.679999999999753, 5.9465611477886355, 1.2818501475533512
13.689999999999753, 5.940880423521224, 1.2721762339060936
13.699999999999752, 5.939081940220652, 1.2741042398569498
13.709999999999752, 5.944473377792223, 1.3058973888411707
13.719999999999752, 5.957798592265799, 1.2961537571928048
13.729999999999752, 5.956216078805155, 1.2693713114521057
13.739999999999752, 5.973844098356713, 1.2713071356094559
13.749999999999751, 6.021397549156192, 1.2616030970663696
13.759999999999751, 6.009521801055028, 1.2667609428103352
13.76999999999975, 6.01641379307276, 1.276339324889513
13.77999999999975, 6.055396053541642, 1.2514248584455434
13.78999999999975, 6.047810635630974, 1.2534218903469645
13.79999999999975, 6.033575897392014, 1.2355228871547275
13.80999999999975, 6.031777554568711, 1.2422972009959485
13.81999999999975, 6.018238735191509, 1.2156724783299733
13.82999999999975, 6.016965482929558, 1.2086746511589146
13.83999999999975, 5.996664397223052, 1.1847630581992685
13.84999999999975, 5.9676489641858685, 1.2066180569969283
13.859999999999749, 5.9541091699996525, 1.2336123570046607
13.869999999999749, 5.951984143522349, 1.215963638859993
13.879999999999749, 5.935175658995548, 1.193827986040433
13.889999999999748, 5.945175350575715, 1.1717557542579442
13.899999999999748, 5.973092869409035, 1.198046226380279
13.909999999999748, 5.974293865617495, 1.178490319783087
13.919999999999748, 5.986770745917428, 1.1754365674346634
13.929999999999747, 6.04504615856372, 1.165858111028217
13.939999999999747, 6.070088420625292, 1.1484150613058608
13.949999999999747, 6.084447979694037, 1.1476265208952816
13.959999999999747, 6.08917829643045, 1.16967494574389
13.969999999999747, 6.099166816204873, 1.171922301049552
13.979999999999746, 6.088445522852618, 1.1451934348849606
13.989999999999746, 6.093592767997217, 1.1672497736724885
13.999999999999746, 6.064575634467874, 1.1806041101117764
14.009999999999746, 6.077295986213931, 1.2117308456475024
14.019999999999746, 6.051411966470003, 1.222650143435712
14.029999999999745, 6.056803282424066, 1.2665736640673533
14.039999999999745, 6.055004900249643, 1.2766297927720887
14.049999999999745, 6.076104969006224, 1.248844779547942
14.059999999999745, 6.111287787388442, 1.2757156005286985
14.069999999999744, 6.099579095591104, 1.2709816386078419
14.079999999999744, 6.1099648546109675, 1.2980999114278928
14.089999999999744, 6.1618043908334545, 1.308057658104571
14.099999999999744, 6.168704974704309, 1.2838399191197938
14.109999999999744, 6.178696563244281, 1.2700527906208565
14.119999999999743, 6.177114929651025, 1.2563089767889581
14.129999999999743, 6.170799891232908, 1.2708273359370903
14.139999999999743, 6.1622204246387735, 1.2673329235568631
14.149999999999743, 6.143087638861732, 1.2724707847817
14.159999999999743, 6.139123175346808, 1.250663456250641
14.169999999999742, 6.1743059942358975, 1.2289243584130605
14.179999999999742, 6.151311804847377, 1.19197800741386
14.189999999999742, 6.181412671721569, 1.172451786599535
14.199999999999742, 6.17976736831359, 1.1509609675621066
14.209999999999742, 6.185152940702972, 1.1469512422832717
14.219999999999741, 6.198338732569021, 1.1371538926394937
14.229999999999741, 6.205652408188238, 1.1342508313567263
14.23999999999974, 6.212535955783102, 1.103697448106061
14.24999999999974, 6.201804463396329, 1.0793645297923287
14.25999999999974, 6.206939546615498, 1.0895379064227142
14.26999999999974, 6.2138257031387365, 1.1001580413738044
14.27999999999974, 6.212169698750312, 1.1206708898655204
14.28999999999974, 6.216895348529888, 1.1357571725837103
14.29999999999974, 6.230734039230086, 1.1561564092127783
14.30999999999974, 6.243451391860215, 1.1468187131719727
14.31999999999974, 6.229707319082868, 1.1572607276986346
14.329999999999739, 6.2553213157829575, 1.1139935034491568
14.339999999999739, 6.25651141178758, 1.1413051846231093
14.349999999999739, 6.252739607524729, 1.13905244313744
14.359999999999738, 6.250933174065813, 1.1418007737047844
14.369999999999738, 6.309203809918914, 1.11991913591509
14.379999999999738, 6.316094670637097, 1.1192564410348553
14.389999999999738, 6.297113746002465, 1.1515575273070884
14.399999999999737, 6.276806903862027, 1.1296502684495286
14.409999999999737, 6.2993354200061145, 1.1103310735437162
14.419999999999737, 6.297197030958034, 1.1041335771853769
14.429999999999737, 6.289882659249996, 1.076318202038017
14.439999999999737, 6.306123789916952, 1.0836240991006112
14.449999999999736, 6.304523157700859, 1.0861801082641
14.459999999999736, 6.329550792514716, 1.113908749949942
14.469999999999736, 6.341064017599002, 1.1136890898889236
14.479999999999736, 6.351436713983742, 1.141333418479065
14.489999999999736, 6.32843425340402, 1.1726193308251338
14.499999999999735, 6.358091997168681, 1.1293128727564592
14.509999999999735, 6.338948796211274, 1.1364554750049674
14.519999999999735, 6.319806962187317, 1.142032255824885
14.529999999999735, 6.326690891666086, 1.1085116021793313
14.539999999999734, 6.35470827401992, 1.1592661207981678
14.549999999999734, 6.364694597112134, 1.1347727566815806
14.559999999999734, 6.3511460905202295, 1.145969586582564
14.569999999999734, 6.356291935318982, 1.1693946379091462
14.579999999999734, 6.348701791458814, 1.1927406926671793
14.589999999999733, 6.363064940894918, 1.1681275816393542
14.599999999999733, 6.39413111529867, 1.1470546077036137
14.609999999999733, 6.388442965410712, 1.1191112749328744
14.619999999999733, 6.4180921700788565, 1.1412255382804446
14.629999999999733, 6.392199928272263, 1.1349443065891682
14.639999999999732, 6.393392452397478, 1.125701139039813
14.649999999999732, 6.352688157450835, 1.1047785449150722
14.659999999999732, 6.404513806507599, 1.1273754766257584
14.669999999999732, 6.402860902242638, 1.1231062733200143
14.679999999999731, 6.417579603512911, 1.1036718467420252
14.689999999999731, 6.447666152291559, 1.1351663293635623
14.699999999999731, 6.434302700023569, 1.1189944793387168
14.70999999999973, 6.464392299389823, 1.088462367385379
14.71999999999973, 6.428804149337147, 1.0979857718991428
14.72999999999973, 6.409653690900879, 1.0675261165583418
14.73999999999973, 6.43929042019258, 1.0782677604746784
14.74999999999973, 6.422459566609481, 1.0540658545882793
14.75999999999973, 6.420963346686913, 1.075829994765749
14.76999999999973, 6.416975932241815, 1.078440940470258
14.77999999999973, 6.403216414803624, 1.1228813299584839
14.78999999999973, 6.384071590801979, 1.092329513563835
14.799999999999729, 6.37569660113533, 1.1149758420273923
14.809999999999729, 6.363807463293665, 1.1354713594029777
14.819999999999729, 6.40796795337952, 1.1619264207547795
14.829999999999728, 6.388257580328056, 1.1527668225012648
14.839999999999728, 6.377532822418941, 1.1429781257184792
14.849999999999728, 6.380828388427723, 1.1664174632855633
14.859999999999728, 6.39081550133185, 1.188367593663231
14.869999999999727, 6.408918943606226, 1.1814501620493612
14.879999999999727, 6.415818040966106, 1.1917957076010717
14.889999999999727, 6.416715223312192, 1.1885709565396136
14.899999999999727, 6.429435453417676, 1.1690778120015457
14.909999999999727, 6.433106514090515, 1.1595645236051626
14.919999999999726, 6.449937809872142, 1.155228926133556
14.929999999999726, 6.468037013356136, 1.162296461342527
14.939999999999726, 6.49813378344353, 1.1727168639503878
14.949999999999726, 6.523175136927163, 1.1610333279480902
14.959999999999726, 6.507133665805294, 1.1771302535422077
14.969999999999725, 6.491094454354822, 1.1681233528509294
14.979999999999725, 6.4898163673310565, 1.143611811291079
14.989999999999725, 6.486755216481814, 1.1708637483858892
14.999999999999725, 6.446057403037913, 1.1434451384379847
15.009999999999724, 6.43874880726113, 1.1128290046681948
15.019999999999724, 6.4218981780216104, 1.134975405452688
15.029999999999724, 6.456755298771237, 1.1076743495422956
15.039999999999724, 6.472482107819271, 1.12821246276549
15.049999999999724, 6.471003398132667, 1.0799564988477763
15.059999999999723, 6.487927074470155, 1.1167351128811591
15.069999999999723, 6.46877999715289, 1.0984985045033924
15.079999999999723, 6.481241250676274, 1.1054059830327276
15.089999999999723, 6.498061970987329, 1.098826008782958
15.099999999999723, 6.5277051822053584, 1.0946780050671905
15.109999999999722, 6.531749896676187, 1.0643243383216112
15.119999999999722, 6.513072906886325, 1.0471182297037698
15.129999999999722, 6.529876356556207, 1.0471790208341336
15.139999999999722, 6.542321276329473, 1.0917643765312914
15.149999999999721, 6.513286745377811, 1.0822246095581298
15.159999999999721, 6.509499401100732, 1.0631205783255053
15.169999999999721, 6.548386598295318, 1.0808468932323985
15.17999999999972, 6.542681800758898, 1.0922764718466162
15.18999999999972, 6.566430744172792, 1.0765032884760752
15.19999999999972, 6.570469510589242, 1.0829988331920948
15.20999999999972, 6.550740550333171, 1.08715066255235
15.21999999999972, 6.5315850851952275, 1.1035253287193736
15.22999999999972, 6.51259797571517, 1.1093913535451598
15.23999999999972, 6.516257635097253, 1.120707121620245
15.24999999999972, 6.499435779004179, 1.1055945330148462
15.25999999999972, 6.497951830041275, 1.0882297009714748
15.269999999999719, 6.468917224813611, 1.0977626840022296
15.279999999999719, 6.455161640440034, 1.14214821082743
15.289999999999718, 6.472780642279648, 1.1735147685364848
15.299999999999718, 6.4859684287955375, 1.1958922748595309
15.309999999999718, 6.508504405573389, 1.2160084686349626
15.319999999999718, 6.5158252457402455, 1.2181248422728106
15.329999999999718, 6.504116096864175, 1.2240887235684872
15.339999999999717, 6.534218479097598, 1.2300302606858413
15.349999999999717, 6.54996100139048, 1.2018038851759425
15.359999999999717, 6.567587211091886, 1.2190294479376418
15.369999999999717, 6.565944853555481, 1.203845954314803
15.379999999999717, 6.5619788286358895, 1.2401890190532106
15.389999999999716, 6.565282790789878, 1.2125212558165974
15.399999999999716, 6.572173705364986, 1.2190272088560594
15.409999999999716, 6.553525040490021, 1.1951088470145739
15.419999999999716, 6.583625365049733, 1.208413835909827
15.429999999999715, 6.590515968302388, 1.228602564393789
15.439999999999715, 6.6052464359681595, 1.246303336080463
15.449999999999715, 6.586598606018392, 1.2368506744603458
15.459999999999715, 6.63843936659089, 1.235792595771734
15.469999999999715, 6.655393548874, 1.2557684707982861
15.479999999999714, 6.695256507487178, 1.25248233795522
15.489999999999714, 6.730439320511875, 1.2253398329148153
15.499999999999714, 6.7317765486689485, 1.1984710700811747
15.509999999999714, 6.7449663080192686, 1.2203424406018086
15.519999999999714, 6.758292247662067, 1.202575103912471
15.529999999999713, 6.771482362139777, 1.1758015201052476
15.539999999999713, 6.811339438052309, 1.1582204059255943
15.549999999999713, 6.83013258713391, 1.1449285191780223
15.559999999999713, 6.852658351507739, 1.1489037236187514
15.569999999999713, 6.833677478794986, 1.1216363983358437
15.579999999999712, 6.8370041276179085, 1.1439208747097283
15.589999999999712, 6.866069632627372, 1.1174067385337754
15.599999999999712, 6.840165636821784, 1.1203696525310614
15.609999999999712, 6.871217354453303, 1.101209870684322
15.619999999999711, 6.8748671438380216, 1.121779352421924
15.629999999999711, 6.887570598598484, 1.1354404670001472
15.639999999999711, 6.883465906746003, 1.1111372507097792
15.64999999999971, 6.8717343369732875, 1.0840425486126843
15.65999999999971, 6.886067100701808, 1.053841539576763
15.66999999999971, 6.889324776468413, 1.0567029861285873
15.67999999999971, 6.885315422085364, 1.0665065659619524
15.68999999999971, 6.871921760467574, 1.0580387921213454
15.69999999999971, 6.875182062309768, 1.085741554318957
15.70999999999971, 6.904811846987675, 1.0698795681023274
15.71999999999971, 6.915157899363397, 1.0814808173314514
15.729999999999709, 6.905426016061603, 1.0779089443886487
15.739999999999709, 6.8823955733776225, 1.1007755420014762
15.749999999999709, 6.894848379625947, 1.0578627884538307
15.759999999999708, 6.890714685938302, 1.0277852909159906
15.769999999999708, 6.889073641435485, 1.0220983706241176
15.779999999999708, 6.89235653726989, 1.0136304968421679
15.789999999999708, 6.914959974060007, 0.9983112418684998
15.799999999999708, 6.931828471726373, 0.9685039643705639
15.809999999999707, 6.919853305185311, 0.9969445581415192
15.819999999999707, 6.918501081699917, 0.9909395964503772
15.829999999999707, 6.909838620073282, 0.9433981204550066
15.839999999999707, 6.926670659614682, 0.9310684312119805
15.849999999999707, 6.924419449355779, 0.9585478465640972
15.859999999999706, 6.9367934375344324, 0.944258246608473
15.869999999999706, 6.923137025905199, 0.948011077503341
15.879999999999706, 6.911307897849242, 0.927116774317484
15.889999999999706, 6.923903782299626, 0.9485694756573919
15.899999999999705, 6.933792342049652, 0.9189141454893165
15.909999999999705, 6.916819432056285, 0.9513042708074291
15.919999999999705, 6.9314403844577335, 0.9584730597692147
15.929999999999705, 6.919617831425267, 0.9642538420293713
15.939999999999705, 6.944563019671803, 0.9973845848068807
15.949999999999704, 6.9309426642442835, 1.0295067289865578
15.959999999999704, 6.966064058777697, 1.003363584697648
15.969999999999704, 7.0058473271719945, 1.0221097995760582
15.979999999999704, 7.023404135808366, 1.0448383185358694
15.989999999999704, 7.045883269149356, 1.036168500592667
15.999999999999703, 7.07555279218482, 1.052964383592139
16.009999999999703, 7.063778552918574, 1.029125040838262
16.019999999999705, 7.0927850863173045, 1.0518572596197389
16.029999999999706, 7.0520322711412575, 1.0595669944734463
16.039999999999708, 7.0871622063359245, 1.0832106359691485
16.04999999999971, 7.0880448382607915, 1.0743920422544782
16.05999999999971, 7.07728009322133, 1.065133559877383
16.069999999999713, 7.117091669063126, 1.0563975791205198
16.079999999999714, 7.111352306008981, 1.0307209885247783
16.089999999999716, 7.140939169066436, 1.0104617725082001
16.099999999999717, 7.154173244317271, 1.0180421784673244
16.10999999999972, 7.1573887185877485, 0.9920967223844279
16.11999999999972, 7.164601006556306, 0.9899873658924953
16.129999999999722, 7.145356105750603, 1.0058614753802508
16.139999999999723, 7.155251552844794, 1.0270233148034593
16.149999999999725, 7.172116345150071, 1.0499017715041203
16.159999999999727, 7.170250383745924, 1.0656115808435531
16.169999999999728, 7.171117963985128, 1.035644710771049
16.17999999999973, 7.1603227850231335, 1.0450173009573187
16.18999999999973, 7.119560111176326, 1.0417491906952734
16.199999999999733, 7.17776998370341, 1.022918624743963
16.209999999999734, 7.158549828321379, 1.0230016535042084
16.219999999999736, 7.163035932205682, 1.0294940460045698
16.229999999999738, 7.146118898490346, 1.0140509658730459
16.23999999999974, 7.149373739828509, 1.0109280955580586
16.24999999999974, 7.139391637600637, 1.0297667416256533
16.259999999999742, 7.183483234493054, 1.0328769296056677
16.269999999999744, 7.190724283056605, 1.0422725684376455
16.279999999999745, 7.205015091052795, 1.0277779395389097
16.289999999999747, 7.182003926962533, 1.0282759783319666
16.29999999999975, 7.178156029405037, 1.0196339936259409
16.30999999999975, 7.149052815328536, 1.0253109691092883
16.31999999999975, 7.146845278359988, 1.0583209625358874
16.329999999999753, 7.136067351853123, 1.054604876782182
16.339999999999755, 7.119169684665734, 1.0544993484397538
16.349999999999756, 7.12003427023281, 1.0606737248308025
16.359999999999758, 7.108101772129188, 1.0712537692875324
16.36999999999976, 7.138154751530486, 1.0524381421413036
16.37999999999976, 7.122056709884382, 1.0423901842181011
16.389999999999763, 7.152713655947213, 1.0743499025017265
16.399999999999764, 7.169500254785797, 1.0741444249886034
16.409999999999766, 7.209310953710552, 1.0502216722406323
16.419999999999767, 7.238975606566791, 1.0602386836124364
16.42999999999977, 7.27782512359505, 1.0573341739444453
16.43999999999977, 7.272072518388004, 1.1086865767453007
16.449999999999772, 7.2490397174410495, 1.0998930594905738
16.459999999999773, 7.253062333684785, 1.1060431539246491
16.469999999999775, 7.291939184462205, 1.0819992189151433
16.479999999999777, 7.275046891936668, 1.0864733821463166
16.489999999999778, 7.267695056751373, 1.0625495197654795
16.49999999999978, 7.268965268324588, 1.058891699840541
16.50999999999978, 7.28042124786103, 1.058842810119804
16.519999999999783, 7.30596931710251, 1.055214482012251
16.529999999999784, 7.319739490640892, 1.0516255996965773
16.539999999999786, 7.336604978530303, 1.0788270277611076
16.549999999999788, 7.322307932395472, 1.069698712748979
16.55999999999979, 7.352343229300348, 1.0796836901652138
16.56999999999979, 7.381942096194603, 1.0608110752478441
16.579999999999792, 7.36812391239836, 1.0371117646228847
16.589999999999794, 7.407886623920917, 1.064437805662281
16.599999999999795, 7.396089349665626, 1.0407671584619027
16.609999999999797, 7.377019379988967, 1.0487655477001268
16.6199999999998, 7.402548037823743, 1.055815709742293
16.6299999999998, 7.400335032015596, 1.0391111664660286
16.6399999999998, 7.429310190982628, 1.0305942943786226
16.649999999999803, 7.417477506092065, 1.0048228860105035
16.659999999999805, 7.4474381529824205, 1.0151626817142188
16.669999999999806, 7.445176266966015, 1.034256508966122
16.679999999999808, 7.4706802122598575, 1.0452402888555088
16.68999999999981, 7.450271358797526, 1.0312550169606827
16.69999999999981, 7.443836543653665, 1.0595016182838544
16.709999999999813, 7.4778094512604625, 1.0684439736589948
16.719999999999814, 7.5167052634988645, 1.0532629582449922
16.729999999999816, 7.475904227597932, 1.0206918752219645
16.739999999999817, 7.487293826075719, 1.0531475271347936
16.74999999999982, 7.4674859933198094, 1.050105485535161
16.75999999999982, 7.463418654823708, 1.0265835915845913
16.769999999999822, 7.4706129988122845, 1.036952798479116
16.779999999999824, 7.473841017288798, 1.0435113021351785
16.789999999999825, 7.469765781723134, 1.0624594470805468
16.799999999999827, 7.485417278022018, 1.0656573660200648
16.809999999999828, 7.498049821816868, 1.072050313552402
16.81999999999983, 7.523009837832535, 1.0833282392021175
16.82999999999983, 7.504282995070543, 1.0535256953325207
16.839999999999833, 7.493459445239454, 1.051394284958168
16.849999999999834, 7.504879593508359, 1.0562200364571286
16.859999999999836, 7.493068164593233, 1.0884166082659223
16.869999999999838, 7.531913572197208, 1.110556614920609
16.87999999999984, 7.543383547196537, 1.1108267051159582
16.88999999999984, 7.577389596076785, 1.113783776857118
16.899999999999842, 7.560495395625553, 1.1200742794209746
16.909999999999844, 7.570436198786982, 1.1011048901809708
16.919999999999845, 7.605234888103528, 1.0834326871338182
16.929999999999847, 7.609208954376929, 1.0893591535898715
16.93999999999985, 7.600544391287293, 1.1300784369775054
16.94999999999985, 7.6587756554069335, 1.1329381842149866
16.95999999999985, 7.623158222961211, 1.1401974904600636
16.969999999999853, 7.603984356082208, 1.1246525060442183
16.979999999999855, 7.609086224625639, 1.136364091049628
16.989999999999856, 7.620569549547318, 1.1391942750589203
16.999999999999858, 7.638155948928818, 1.1477540607699008
17.00999999999986, 7.64502179295002, 1.1478426438635105
17.01999999999986, 7.637684876601058, 1.1288976743421706
17.029999999999863, 7.630333724132214, 1.0811110890594058
17.039999999999864, 7.613399883969235, 1.0703945935007602
17.049999999999866, 7.641324349909266, 1.0736915243180944
17.059999999999867, 7.669247228480456, 1.0639538203977987
17.06999999999987, 7.690220488288446, 1.045499149292827
17.07999999999987, 7.688263085532872, 1.0317874038793657
17.089999999999872, 7.7322533481792295, 1.0300455320774973
17.099999999999874, 7.7447775138313295, 1.0102798072066612
17.109999999999875, 7.762165121564452, 1.0210647379047768
17.119999999999877, 7.721244207583929, 1.0293274334082236
17.129999999999878, 7.685480964816316, 1.0400413373044004
17.13999999999988, 7.6862147373384575, 1.0480281333992634
17.14999999999988, 7.686929672610171, 1.0540708511502404
17.159999999999883, 7.710554365731491, 1.051266049626674
17.169999999999884, 7.745265019449091, 1.0457664868743666
17.179999999999886, 7.775813332526035, 1.0619783221882806
17.189999999999888, 7.788979600459297, 1.095436205412815
17.19999999999989, 7.772030939331674, 1.0848102089562324
17.20999999999989, 7.781908463177055, 1.11307956402135
17.219999999999892, 7.770104922281711, 1.0872906805967952
17.229999999999894, 7.788787776441342, 1.091055559143062
17.239999999999895, 7.795560926516493, 1.1135086993537833
17.249999999999897, 7.820517631769479, 1.1377735625640604
17.2599999999999, 7.842991648973376, 1.1608891314437109
17.2699999999999, 7.859903122242272, 1.1461310860750782
17.2799999999999, 7.89091374730018, 1.1567409441419287
17.289999999999903, 7.895597564837045, 1.1361182101915004
17.299999999999905, 7.893720353471557, 1.1062457021812544
17.309999999999906, 7.923331694849016, 1.1164875591343608
17.319999999999908, 7.93360206712541, 1.1223225435027016
17.32999999999991, 7.943494653356196, 1.0969893615683974
17.33999999999991, 7.9466399189905665, 1.0939208292945541
17.349999999999913, 7.986336556038645, 1.0884129071576671
17.359999999999914, 7.9726002695206475, 1.080381317801469
17.369999999999916, 7.95865422966298, 1.0910357127944712
17.379999999999917, 7.989547502489506, 1.1365539149029253
17.38999999999992, 8.024630238913701, 1.1180993532818253
17.39999999999992, 8.0525134598049, 1.1366790699555134
17.409999999999922, 8.066240825500728, 1.1070643290929867
17.419999999999924, 8.071198485938107, 1.0889487366520976
17.429999999999925, 8.100683872072658, 1.0838334373046798
17.439999999999927, 8.0940780298437, 1.0611630133652195
17.44999999999993, 8.116254075293105, 1.0352431773512223
17.45999999999993, 8.150944921398485, 1.0260411833826493
17.46999999999993, 8.174122627108224, 1.0310640211097586
17.479999999999933, 8.159771112401932, 1.0651214407076008
17.489999999999934, 8.14746447908894, 1.0876324812297455
17.499999999999936, 8.140824926947657, 1.1260580704249217
17.509999999999938, 8.150627669747694, 1.1505145675556825
17.51999999999994, 8.153803683337436, 1.173602095172567
17.52999999999994, 8.14614113908357, 1.1549942561670106
17.539999999999942, 8.153347780677702, 1.1410471047905404
17.549999999999944, 8.13026924552556, 1.182164518402043
17.559999999999945, 8.128571620792606, 1.1760101426916794
17.569999999999947, 8.13539753703733, 1.1606809114660124
17.57999999999995, 8.166370350461909, 1.113238247047097
17.58999999999995, 8.164538512622046, 1.095348672508603
17.59999999999995, 8.162099485757775, 1.108371070614542
17.609999999999953, 8.156155623292547, 1.1093001886992828
17.619999999999955, 8.186625926955472, 1.099339769474759
17.629999999999956, 8.184835414618867, 1.0920111480900723
17.639999999999958, 8.19884934778806, 1.0777775408562211
17.64999999999996, 8.229486143128144, 1.0862246741327066
17.65999999999996, 8.227574748323747, 1.0617219349470646
17.669999999999963, 8.258077389218496, 1.0804539122599517
17.679999999999964, 8.292729372509001, 1.0877991310039046
17.689999999999966, 8.290694849670967, 1.0840969798067652
17.699999999999967, 8.325291781627122, 1.0967303495424787
17.70999999999997, 8.313978605368138, 1.0929615202449905
17.71999999999997, 8.32071068494076, 1.1190471960052784
17.729999999999972, 8.337110318666587, 1.1299198553292868
17.739999999999974, 8.317572712296315, 1.1348190568019787
17.749999999999975, 8.334179676109782, 1.121540741807951
17.759999999999977, 8.327412809657302, 1.1289144273518341
17.76999999999998, 8.349559478484743, 1.126732522802051
17.77999999999998, 8.40094713349278, 1.1282897648208086
17.78999999999998, 8.417311336016455, 1.1095684344094732
17.799999999999983, 8.406587301617883, 1.1239302025143054
17.809999999999985, 8.428608508599654, 1.1531517023658808
17.819999999999986, 8.441335622432927, 1.187703482204879
17.829999999999988, 8.441982360723891, 1.2291303317568505
17.83999999999999, 8.428219293876293, 1.2800537344998653
17.84999999999999, 8.426589444876866, 1.2899770258916798
17.859999999999992, 8.457576354946605, 1.2751394148836732
17.869999999999994, 8.453769782874016, 1.2566177753860392
17.879999999999995, 8.451642011070378, 1.2492719654632016
17.889999999999997, 8.428717755819015, 1.227756630454259
17.9, 8.424602240233241, 1.2679640793735185
17.91, 8.450204903062614, 1.2645970290492994
17.92, 8.472729643555251, 1.2423933118571449
17.930000000000003, 8.465139749663042, 1.2745239106761377
17.940000000000005, 8.461132335057393, 1.29676415399048
17.950000000000006, 8.464659432124419, 1.2465344331187072
17.960000000000008, 8.46552768832946, 1.2269361944986115
17.97000000000001, 8.51304295959308, 1.2251110752221819
17.98000000000001, 8.499619922674025, 1.2408377388516096
17.990000000000013, 8.497970058960409, 1.256973391264878
18.000000000000014, 8.477665160694038, 1.2495665460829588
18.010000000000016, 8.454740924611672, 1.2484848183457848
18.020000000000017, 8.444023081029151, 1.22023410352811
18.03000000000002, 8.44764567260107, 1.1994211200169678
18.04000000000002, 8.428520751548753, 1.1943311324267052
18.050000000000022, 8.40938876201314, 1.198324173570158
18.060000000000024, 8.419651227273238, 1.1950287915581659
18.070000000000025, 8.405962946677503, 1.1937218100987184
18.080000000000027, 8.385520183427433, 1.1516583506501001
18.09000000000003, 8.410201838687128, 1.1325072400142808
18.10000000000003, 8.396076904269318, 1.1178165733213323
18.11000000000003, 8.376765268078508, 1.1519234069578725
18.120000000000033, 8.400190869069222, 1.1587258457925778
18.130000000000035, 8.395755303010894, 1.1841268699045604
18.140000000000036, 8.382035349603917, 1.158687154713239
18.150000000000038, 8.433565474073145, 1.1453099191431713
18.16000000000004, 8.437582765141286, 1.1681563508802022
18.17000000000004, 8.420417309709853, 1.1662143987543987
18.180000000000042, 8.400947993438152, 1.149793247600986
18.190000000000044, 8.430195471406977, 1.1581821444925817
18.200000000000045, 8.40075582711727, 1.171562066077919
18.210000000000047, 8.39891301560399, 1.1724931769850484
18.22000000000005, 8.39030392080644, 1.1890259083000905
18.23000000000005, 8.384473045942281, 1.1873077474227256
18.24000000000005, 8.408089899813836, 1.1877694722302021
18.250000000000053, 8.431684319936917, 1.220420107314977
18.260000000000055, 8.459556888368304, 1.2280276185457455
18.270000000000056, 8.463199829401024, 1.2100379570737447
18.280000000000058, 8.461290063646063, 1.2214754918553477
18.29000000000006, 8.476976414790359, 1.2400443228331808
18.30000000000006, 8.495771034226246, 1.2620630829679966
18.310000000000063, 8.496959563017045, 1.2398543481496642
18.320000000000064, 8.50695093636344, 1.28409451445351
18.330000000000066, 8.523775870020835, 1.2578952909799817
